#Map #0:
5.600000 0.0000000 0.0000000 0.0000000 0.0000000 0.0000000 0.0000000 1.0000000 0
5.950000 -0.0045361 -0.0316025 0.0119090 0.0007397 0.0008120 -0.0035711 0.9999930 0
6.000000 -0.0050069 -0.0302768 0.0143284 -0.0000721 0.0005670 -0.0039690 0.9999920 0
6.950000 -0.0045842 -0.0607136 0.0220182 -0.0346969 0.0029042 -0.0141015 0.9992942 0
7.300000 -0.0090155 -0.0933691 0.0352199 -0.0217173 0.0175184 -0.0116683 0.9995425 0
7.600000 -0.0171436 -0.1210832 0.0575090 -0.0166535 0.0759675 0.0221285 0.9967256 0
8.750000 -0.0360004 -0.1701555 0.1643573 -0.0249029 0.3048971 0.1017452 0.9466074 0
8.850000 -0.0345231 -0.1708985 0.1758146 -0.0254241 0.3301623 0.1108820 0.9370441 0
9.150000 -0.0340304 -0.1691998 0.2165597 -0.0283484 0.4024278 0.1338510 0.9051697 0
10.300000 -0.0241266 -0.1620681 0.4026023 -0.0086932 0.6177569 0.2207590 0.7546962 0
10.450000 -0.0241251 -0.1608206 0.4195480 -0.0163121 0.6333833 0.2265882 0.7397413 0
11.050000 -0.0157809 -0.1555675 0.4856779 -0.0100126 0.6353792 0.2460723 0.7318753 0
11.650000 0.0228365 -0.1500843 0.5192778 -0.0112837 0.6411774 0.2158411 0.7363266 0
12.600000 0.0554985 -0.2281870 0.4941418 -0.0052745 0.7065737 0.2696948 0.6542098 0
12.800000 0.0655473 -0.2481448 0.4697122 -0.0224097 0.7114349 0.2580092 0.6532912 0
13.050000 0.0832924 -0.2676165 0.4416754 -0.0218833 0.7107492 0.2626978 0.6521860 0
14.250000 0.2350346 -0.3177867 0.3521804 -0.0085919 0.7568970 0.2595288 0.5997315 0
14.400000 0.2553895 -0.3254195 0.3457422 0.0006973 0.7633820 0.2726050 0.5856057 0
14.550000 0.2739946 -0.3330330 0.3360063 0.0038234 0.7792869 0.2795842 0.5608296 0
15.900000 0.3229586 -0.3166812 0.2406269 -0.0183705 0.8554178 0.2940125 0.4260041 0
16.100000 0.3225918 -0.2886353 0.2353768 -0.0244789 0.8649623 0.2969232 0.4038287 0
16.250000 0.3249893 -0.2659019 0.2335702 -0.0254765 0.8732336 0.3047567 0.3793909 0
16.800000 0.3550185 -0.1971330 0.2272925 -0.0202935 0.8832190 0.3180003 0.3440759 0
17.550000 0.4599455 -0.2120736 0.1758016 -0.0126378 0.8756213 0.3129957 0.3676429 0
18.150000 0.5577171 -0.1950062 0.1240825 0.0246648 0.8855746 0.3215623 0.3342857 0
18.550000 0.5867693 -0.1587524 0.0737115 0.0133915 0.8937079 0.3343937 0.2988105 0
18.750000 0.5956811 -0.1362953 0.0406487 -0.0114764 0.8981302 0.3297373 0.2906954 0
19.850000 0.7195509 -0.0678716 -0.1355210 -0.0121350 0.8016756 0.2697206 0.5333103 0
20.050000 0.7465617 -0.0888467 -0.1607481 -0.0043553 0.7732148 0.2626047 0.5771990 0
21.250000 0.8282979 -0.1207650 -0.2840749 0.0025294 0.6072906 0.2018426 0.7684083 0
22.750000 0.8077453 0.0201492 -0.3684123 0.0047758 0.3418110 0.1102251 0.9332700 0
23.350000 0.7944246 0.0950506 -0.4177724 -0.0341418 0.2667182 0.1122412 0.9566073 0
23.700000 0.8230217 0.1028643 -0.4502636 -0.0177959 0.2515334 0.0755641 0.9647302 0
24.000000 0.8458027 0.1141470 -0.4706249 -0.0404832 0.1833257 0.0793826 0.9790052 0
27.500000 0.9760306 0.0261283 -0.2811264 0.0133970 -0.3440409 -0.1042469 0.9330536 0
27.800000 0.9883460 0.0184253 -0.2622065 0.0237842 -0.3296446 -0.1167081 0.9365618 0
28.100000 1.0095007 0.0204629 -0.2621865 0.0421295 -0.3189792 -0.1287934 0.9380243 0
29.000000 1.0799968 0.0975449 -0.3692111 -0.0027961 -0.3007393 -0.1328851 0.9443991 0
29.300000 1.0861694 0.1162182 -0.4231245 -0.0106539 -0.2923968 -0.1213326 0.9485089 0
30.600000 0.9915677 0.1812256 -0.5608050 0.0004849 -0.5044013 -0.1736515 0.8458275 0
31.500000 0.9444836 0.2374933 -0.5995684 0.0019764 -0.5315292 -0.1836863 0.8268809 0
32.500000 0.9529086 0.2115205 -0.6621401 -0.0101342 -0.5415082 -0.1882699 0.8192806 0
32.650000 0.9540907 0.1878430 -0.6748047 -0.0117776 -0.5442313 -0.1909209 0.8168371 0
32.850000 0.9549643 0.1608285 -0.6876095 -0.0146211 -0.5438145 -0.1949974 0.8161054 0
33.050000 0.9547721 0.1360395 -0.6954117 -0.0210836 -0.5460150 -0.1708187 0.8199049 0
33.250000 0.9566187 0.1099133 -0.6924233 -0.0131835 -0.5315568 -0.1409956 0.8351011 0
33.450000 0.9706582 0.0819299 -0.6784569 0.0071858 -0.4940776 -0.1284237 0.8598506 0
33.700000 1.0088677 0.0498530 -0.6550491 0.0423276 -0.4249300 -0.1316239 0.8946050 0
34.250000 1.1249822 0.0744260 -0.6452543 -0.0034750 -0.2732780 -0.1285273 0.9533036 0
34.600000 1.1736598 0.1172244 -0.6581527 -0.0262797 -0.1961317 -0.0885150 0.9762207 0
34.950000 1.2077738 0.1579047 -0.6564792 -0.0260163 -0.1112227 -0.0679648 0.9911274 0
35.300000 1.2174960 0.1902336 -0.6445300 -0.0271293 -0.0655755 -0.0400509 0.9966744 0
35.900000 1.2162628 0.1633103 -0.6079962 -0.0244704 -0.0811217 -0.0143949 0.9962998 0
37.350000 1.3780162 0.0981644 -0.5144682 0.0052186 -0.0429407 -0.0268818 0.9987023 0
37.700000 1.4349222 0.0942845 -0.5266783 -0.0165818 -0.0189853 -0.0186117 0.9995090 0
38.050000 1.4842088 0.0922510 -0.5292037 -0.0270919 -0.0167551 0.0075024 0.9994643 0
38.400000 1.5435500 0.0824926 -0.5159364 -0.0285951 -0.0052260 -0.0084503 0.9995417 0
38.750000 1.6057079 0.0645723 -0.4841237 -0.0235955 0.0021438 -0.0015794 0.9997180 0
39.750000 1.7593217 0.0122878 -0.3509545 0.0190961 0.0109767 -0.0251433 0.9994411 0
40.450000 1.7947733 -0.0457338 -0.3549945 -0.0063937 0.0100481 -0.0240953 0.9996387 0
40.700000 1.7925434 -0.0638527 -0.3667656 -0.0069013 0.0185462 -0.0138917 0.9997077 0
41.850000 1.7116594 -0.0860258 -0.3784553 -0.0126050 0.1384213 0.0317043 0.9897856 0
42.150000 1.6702112 -0.0883090 -0.3716839 -0.0141334 0.1465484 0.0381670 0.9883659 0
43.250000 1.5688298 -0.0655837 -0.3685817 -0.0522536 0.3507730 0.1022866 0.9293898 0
44.250000 1.5029213 -0.0242910 -0.2461587 -0.0201939 0.5280157 0.1802395 0.8296417 0
44.550000 1.4831058 -0.0189416 -0.2070096 -0.0071627 0.5885927 0.2130836 0.7798094 0
44.900000 1.4660059 -0.0133978 -0.1798669 0.0035579 0.6386760 0.2468556 0.7287953 0
45.350000 1.4523740 0.0129529 -0.1845352 -0.0274075 0.6789014 0.2469019 0.6909277 0
45.700000 1.4650023 0.0374340 -0.1986645 -0.0491619 0.7139566 0.2714265 0.6435657 0
46.050000 1.5161425 0.0579591 -0.2131283 -0.0418967 0.7626671 0.2600097 0.5907441 0
46.600000 1.6350772 0.0503603 -0.2135797 -0.0302306 0.8092343 0.2739331 0.5188320 0
47.450000 1.8468010 -0.0559884 -0.1792790 0.0208956 0.8888493 0.3034346 0.3426921 0
47.700000 1.8833513 -0.0812088 -0.1600844 0.0466711 0.8975996 0.3241457 0.2950701 0
48.250000 1.8859063 -0.1073709 -0.1492353 0.0298349 0.9015138 0.3313925 0.2766978 0
48.550000 1.8534732 -0.1128182 -0.1700113 0.0289288 0.9055867 0.3195592 0.2774126 0
49.450000 1.6251814 -0.0722720 -0.2754546 -0.0252776 0.9210024 0.3451994 0.1787537 0
49.750000 1.5656444 -0.0371014 -0.3262764 -0.0317185 0.9240344 0.3403219 0.1712758 0
50.050000 1.5312306 -0.0171879 -0.3936524 -0.0386156 0.9247388 0.3363481 0.1738879 0
50.800000 1.5529073 0.0089188 -0.5732774 -0.0102716 0.9526629 0.2498667 0.1729003 0
53.200000 1.4426746 -0.0532653 -0.5312222 -0.0111670 0.9365112 0.3031160 0.1759055 0
53.500000 1.4050804 -0.0427282 -0.5227310 -0.0086498 0.9406554 0.2934735 0.1701939 0
53.850000 1.3587631 -0.0375425 -0.4921343 0.0095935 0.9312582 0.3255481 0.1633539 0
54.450000 1.2420596 -0.0264381 -0.4682103 0.0033227 0.9240744 0.3377213 0.1789407 0
55.350000 1.0529163 0.0082315 -0.4961175 -0.0250212 0.9203643 0.2996196 0.2500630 0
55.700000 1.0072225 0.0070352 -0.4773027 -0.0205222 0.9006252 0.3126875 0.3011306 0
56.050000 0.9801335 0.0080458 -0.4489927 -0.0139636 0.8584365 0.3036184 0.4131679 0
56.550000 0.9581261 0.0254713 -0.4189507 -0.0119106 0.8383421 0.2967856 0.4571204 0
57.000000 0.9511245 0.0575081 -0.3964715 -0.0145134 0.8341171 0.2965228 0.4648789 0
58.550000 0.9116195 -0.0375600 -0.4885154 -0.0162505 0.7657849 0.2616862 0.5872220 0
59.000000 0.8945287 -0.0455244 -0.5361891 -0.0015073 0.7676539 0.2877838 0.5726130 0
60.000000 0.9150527 -0.0091600 -0.7177084 0.0176665 0.7496135 0.2283639 0.6209810 0
60.950000 0.8443871 0.0686993 -0.8814448 -0.0116221 0.7074268 0.2594765 0.6573312 0
61.900000 0.8319735 0.1297739 -1.0697802 -0.0206014 0.6985974 0.2451231 0.6719017 0
62.400000 0.8565627 0.1619996 -1.1534400 -0.0151722 0.6748933 0.2424174 0.6967946 0
62.900000 0.8967748 0.1935430 -1.2272373 -0.0066482 0.6482508 0.2181503 0.7294773 0
63.450000 0.9395971 0.2254034 -1.3018929 -0.0154641 0.6405822 0.2214256 0.7351096 0
63.900000 0.9796327 0.2340612 -1.3566908 -0.0204489 0.6359357 0.2163235 0.7405213 0
64.450000 1.0424031 0.2303550 -1.4064734 -0.0087957 0.5886271 0.2168210 0.7787358 0
64.900000 1.1141496 0.2338663 -1.4541945 -0.0069047 0.5963905 0.2097341 0.7747789 0
65.500000 1.2070928 0.2367590 -1.5222709 -0.0051326 0.5388200 0.1921191 0.8202055 0
66.400000 1.3556523 0.2736172 -1.6251682 -0.0179887 0.5085812 0.1757914 0.8426856 0
66.850000 1.4256363 0.3053342 -1.6435120 -0.0394534 0.5107001 0.1351898 0.8481466 0
67.200000 1.4520127 0.2856976 -1.6203005 -0.0228002 0.4281791 0.1343694 0.8933575 0
67.750000 1.4952115 0.2406910 -1.5682117 -0.0225324 0.3687314 0.1513541 0.9168540 0
68.250000 1.5740258 0.2070198 -1.5246104 -0.0058917 0.4050152 0.1309511 0.9048645 0
68.700000 1.6254776 0.1827485 -1.4914578 -0.0153525 0.4209699 0.1129210 0.8998875 0
69.150000 1.6461656 0.1588516 -1.4437908 -0.0254034 0.3912821 0.1440268 0.9085754 0
69.650000 1.6835732 0.1360090 -1.3733416 -0.0277443 0.3225951 0.0955491 0.9412932 0
70.150000 1.7187405 0.1121353 -1.2789197 -0.0251897 0.3000200 0.0978176 0.9485701 0
70.700000 1.7607641 0.0862410 -1.1578220 -0.0185415 0.3115323 0.0869419 0.9460682 0
71.250000 1.7678216 0.0483353 -1.0269921 0.0034671 0.2595374 0.0355723 0.9650714 0
72.500000 1.4913099 0.0009259 -0.7597225 -0.0024507 0.2253825 0.0642989 0.9721432 0

#----------------

#Map #0:
8.600000 -0.0010922 -0.0127112 -0.0001084 -0.0002247 0.0003303 -0.0004023 0.9999998 0
8.800000 -0.0480634 -0.0354570 -0.0062618 0.0005818 -0.0002103 0.0026960 0.9999962 0
8.850000 -0.0595835 -0.0398021 -0.0073191 0.0012487 0.0000703 0.0024538 0.9999962 0
9.200000 -0.1444172 -0.0794569 -0.0178719 -0.0016278 0.0019471 0.0047674 0.9999854 0
9.750000 -0.2655256 -0.1372328 -0.0337205 0.0013327 -0.0138334 0.0474523 0.9987768 0
9.850000 -0.2809933 -0.1459966 -0.0378404 0.0047162 -0.0192966 0.0625165 0.9978462 0
10.050000 -0.2938784 -0.1675136 -0.0457507 0.0130224 -0.0257648 0.0807398 0.9963170 0
11.350000 0.3216089 -0.2359577 -0.1196841 0.0012121 -0.0166228 0.0542199 0.9983899 0
11.450000 0.4000718 -0.2435794 -0.1210196 0.0081285 -0.0142098 0.0462249 0.9987969 0
11.550000 0.4736318 -0.2505573 -0.1221404 0.0215946 -0.0054326 0.0363891 0.9990896 0
11.650000 0.5499562 -0.2537714 -0.1264361 0.0314891 0.0072658 0.0306290 0.9990082 0
11.800000 0.6650069 -0.2496355 -0.1374931 0.0284787 0.0338076 0.0286151 0.9986126 0
11.950000 0.7850431 -0.2392874 -0.1507269 0.0098998 0.0617170 0.0354363 0.9974153 0
12.050000 0.8629876 -0.2307361 -0.1587279 0.0005933 0.0831434 0.0412534 0.9956832 0
12.150000 0.9367684 -0.2245765 -0.1640104 0.0011766 0.1063419 0.0479441 0.9931724 0
12.450000 1.1505443 -0.1680797 -0.1732678 -0.0080516 0.1494932 0.0602897 0.9868901 0
12.600000 1.2527615 -0.1259424 -0.1718127 -0.0220892 0.1572543 0.0634241 0.9852718 0
12.700000 1.3188437 -0.1001885 -0.1712023 -0.0358772 0.1611254 0.0577561 0.9845891 0
13.000000 1.5022249 -0.0698813 -0.1480087 -0.0581613 0.1621499 0.0461527 0.9839688 0
13.250000 1.6411123 -0.0687339 -0.0994779 -0.0489531 0.1599940 0.0341886 0.9853104 0
13.350000 1.6928004 -0.0723752 -0.0733092 -0.0398264 0.1623740 0.0185891 0.9857500 0
13.550000 1.7814046 -0.0817621 -0.0123574 -0.0326668 0.1658323 -0.0038824 0.9856051 0
13.650000 1.8141714 -0.0898510 0.0237552 -0.0312892 0.1673491 -0.0103167 0.9853471 0
13.800000 1.8500390 -0.1046376 0.0819420 -0.0321902 0.1687106 -0.0148403 0.9850281 0
13.950000 1.8714955 -0.1259813 0.1454566 -0.0253138 0.1600654 0.0099716 0.9867314 0
14.250000 1.8872772 -0.1804884 0.2775729 0.0384507 0.1485921 0.0490947 0.9869304 0
14.450000 1.8860047 -0.2098687 0.3483117 0.0693972 0.1544127 0.0387603 0.9848037 0
14.600000 1.8771408 -0.2311452 0.3819748 0.0892613 0.1571199 0.0364214 0.9828628 0
15.350000 1.7495815 -0.2590078 0.3063944 0.0252062 0.1538368 0.0532094 0.9863405 0
15.500000 1.7097635 -0.2564838 0.2683070 0.0246925 0.1544124 0.0530238 0.9862736 0
15.650000 1.6685796 -0.2493264 0.2267936 0.0215017 0.1581734 0.0420904 0.9862795 0
15.850000 1.6169964 -0.2306642 0.1653327 0.0062754 0.1560126 0.0332793 0.9871743 0
16.050000 1.5442556 -0.2238233 0.1073589 -0.0101742 0.1457790 0.0546513 0.9877541 0
16.250000 1.4757805 -0.2080043 0.0525349 -0.0290946 0.1161534 0.0579520 0.9911122 0
16.500000 1.3828787 -0.1720121 0.0114387 -0.0373972 0.0724252 0.0275583 0.9962914 0
17.000000 1.2184099 -0.1490426 -0.0204835 -0.0543103 -0.0157836 -0.0024715 0.9983963 0
17.250000 1.1364198 -0.2009265 -0.0070536 -0.0344084 -0.0850369 -0.0183924 0.9956136 0
17.500000 1.0536226 -0.2766850 0.0141056 -0.0017219 -0.1773890 -0.0390663 0.9833636 0
17.750000 0.9831708 -0.3558601 0.0406769 0.0120229 -0.2685975 -0.0874033 0.9592035 0
17.950000 0.9330233 -0.3973584 0.0656022 0.0320980 -0.3291943 -0.1264114 0.9352117 0
18.150000 0.8836789 -0.4167049 0.0838397 0.0516085 -0.3862105 -0.1547133 0.9078776 0
18.350000 0.8344133 -0.4122103 0.0969466 0.0460305 -0.4641440 -0.1577489 0.8703831 0
18.500000 0.8034186 -0.3996879 0.1079172 0.0545924 -0.5233720 -0.1670232 0.8337893 0
18.650000 0.7808532 -0.3737088 0.1183464 0.0720075 -0.5714397 -0.1795548 0.7975159 0
18.800000 0.7697854 -0.3377341 0.1209457 0.0660366 -0.6028202 -0.2111976 0.7665785 0
19.000000 0.7672740 -0.2958843 0.1200955 0.0468315 -0.6451411 -0.2423877 0.7230823 0
19.150000 0.7715144 -0.2634876 0.1080849 0.0193242 -0.6851967 -0.2449167 0.6856733 0
19.300000 0.7738442 -0.2356525 0.0955465 -0.0011846 -0.7262404 -0.2597351 0.6364834 0
19.550000 0.7770783 -0.1732671 0.0789459 -0.0024468 -0.7852362 -0.3094541 0.5363173 0
19.650000 0.7725692 -0.1566067 0.0666684 -0.0203604 0.8096728 0.3192550 -0.4920281 0
19.750000 0.7692384 -0.1383478 0.0558896 -0.0332241 0.8320350 0.3277909 -0.4462814 0
19.850000 0.7644618 -0.1205663 0.0403790 -0.0409059 0.8516648 0.3354600 -0.4005749 0
20.050000 0.7564262 -0.0887438 0.0011628 -0.0419267 0.8894086 0.3332636 -0.3100482 0
20.150000 0.7591876 -0.0791248 -0.0244644 -0.0304753 0.9055893 0.3297757 -0.2650041 0
20.250000 0.7641777 -0.0729238 -0.0505822 -0.0206975 0.9186012 0.3291184 -0.2177716 0
20.550000 0.7766462 -0.0353060 -0.1144110 -0.0317295 0.9418381 0.3278793 -0.0665536 0
20.850000 0.8080925 -0.0247158 -0.1681113 -0.0489516 0.9390068 0.3254969 0.0996076 0
20.950000 0.8214198 -0.0298862 -0.1848727 -0.0539623 0.9332005 0.3222041 0.1496974 0
21.150000 0.8571881 -0.0442000 -0.2101335 -0.0468811 0.9198955 0.3102339 0.2352642 0
21.250000 0.8780281 -0.0534691 -0.2185446 -0.0386089 0.9126717 0.3006328 0.2741524 0
21.550000 0.9435247 -0.0816962 -0.2249972 -0.0078174 0.8736513 0.2834366 0.3953934 0
21.750000 0.9785156 -0.0984768 -0.2107791 -0.0023049 0.8319544 0.2725524 0.4832824 0
21.850000 0.9901902 -0.1079496 -0.2015880 -0.0008297 0.8065469 0.2669692 0.5274552 0
22.050000 1.0031883 -0.1276113 -0.1760297 -0.0015204 0.7505881 0.2456763 0.6133990 0
22.150000 1.0070066 -0.1347805 -0.1670026 0.0000200 0.7199109 0.2297818 0.6549264 0
22.550000 0.9846048 -0.1601321 -0.1028340 -0.0140581 0.5891328 0.1903408 0.7851721 0
22.750000 0.9588863 -0.1642987 -0.0634443 -0.0174299 0.5272442 0.1715411 0.8320357 0
22.950000 0.9308903 -0.1694650 -0.0208106 -0.0209007 0.4708853 0.1388837 0.8709429 0
24.100000 0.6068491 -0.1595954 0.2374542 0.0510676 -0.0736165 -0.0349676 0.9953642 0
24.450000 0.4890260 -0.1367707 0.2241211 0.0489887 -0.2014446 -0.0660799 0.9760398 0
24.700000 0.4164647 -0.1110955 0.1842692 0.0620671 -0.2935048 -0.0859955 0.9500565 0
25.450000 0.3011976 -0.0362305 -0.0429087 0.0231445 -0.5023194 -0.1852216 0.8442941 0
25.700000 0.2790988 -0.0401799 -0.1389311 0.0195445 -0.5503672 -0.1891761 0.8129738 0
25.950000 0.2603308 -0.0381922 -0.2418770 0.0186894 -0.5916553 -0.2015857 0.7803576 0
26.150000 0.2512198 -0.0348742 -0.3124566 0.0183430 -0.6372070 -0.2151019 0.7398392 0
26.350000 0.2475950 -0.0231346 -0.3844999 0.0216786 -0.6929322 -0.2346318 0.6814124 0
26.550000 0.2449456 0.0020423 -0.4466177 0.0231005 -0.7476295 -0.2546141 0.6129340 0
26.950000 0.2474716 0.0566380 -0.5474018 0.0738034 -0.8164349 -0.2745227 0.5026175 0
27.100000 0.2651156 0.0777492 -0.5842533 -0.1076531 0.8182846 0.2819279 -0.4892217 0
27.300000 0.3153781 0.1096058 -0.6436196 -0.0949872 0.8163120 0.2937436 -0.4881873 0
27.700000 0.4743306 0.1632405 -0.7987436 0.0479053 -0.8035379 -0.3018269 0.5108154 0
27.900000 0.5649185 0.1930809 -0.8913218 0.0072727 -0.7783487 -0.3157342 0.5426161 0
28.100000 0.6405633 0.2189177 -0.9894230 -0.0254824 -0.7513052 -0.3154360 0.5791298 0
28.300000 0.6924708 0.2448398 -1.0871754 -0.0886074 -0.7281286 -0.2906668 0.6144024 0
28.500000 0.7079031 0.2668692 -1.1671541 -0.1157883 -0.7161531 -0.2722184 0.6321511 0
28.750000 0.6730398 0.2827144 -1.2321644 -0.0672830 -0.7185457 -0.2631596 0.6402438 0
29.250000 0.5168710 0.3491502 -1.2843944 0.0031278 -0.7232826 -0.2843304 0.6292921 0
29.500000 0.4239807 0.3932162 -1.3111157 -0.0040632 -0.7276106 -0.2825935 0.6250658 0
29.750000 0.3173209 0.4380155 -1.3375717 0.0078282 -0.7084371 -0.2611834 0.6556209 0
29.950000 0.2263273 0.4640709 -1.3551543 0.0003992 -0.6733270 -0.2398948 0.6993433 0
30.200000 0.1178599 0.4988030 -1.3693894 -0.0188760 -0.6240120 -0.2035556 0.7542002 0
30.450000 0.0080461 0.5143743 -1.3723865 -0.0347097 -0.5980952 -0.1623318 0.7840445 0
30.650000 -0.0726369 0.5140163 -1.3510144 0.0298140 -0.5732962 -0.1551359 0.8039748 0
30.900000 -0.1458662 0.5052854 -1.3192236 0.0564363 -0.5386820 -0.1581807 0.8256001 0
31.150000 -0.1927759 0.5083566 -1.2962359 0.0223645 -0.5363660 -0.1428838 0.8315020 0
31.400000 -0.2085346 0.5165874 -1.2652978 0.0508061 -0.5428713 -0.1325589 0.8277304 0
32.250000 -0.0383003 0.5841396 -1.1606480 -0.0044394 -0.4418918 -0.1437970 0.8854571 0
32.500000 0.0317605 0.5791944 -1.1270587 -0.0301928 -0.4208454 -0.1889735 0.8867167 0
32.900000 0.0739043 0.5395614 -1.0798573 0.0181464 -0.4234091 -0.2065229 0.8818978 0
33.450000 0.0372998 0.6054142 -1.0293210 0.0089071 -0.4298142 -0.1917803 0.8822702 0
33.750000 -0.0200744 0.6151838 -1.0353410 -0.0049018 -0.4430732 -0.1783964 0.8785425 0
33.950000 -0.0686514 0.5993818 -1.0450456 0.0088964 -0.4614652 -0.1571643 0.8730808 0
34.450000 -0.1572943 0.5288796 -1.0862545 0.0138262 -0.5079427 -0.1501932 0.8480832 0
34.750000 -0.1741500 0.4533278 -1.1137284 0.0038121 -0.5336233 -0.1828321 0.8257142 0
35.400000 -0.2403425 0.2603780 -1.1715031 0.0020073 -0.5363365 -0.1865180 0.8231343 0
35.700000 -0.2766022 0.1648625 -1.1914563 0.0184666 -0.5365179 -0.1749147 0.8253559 0
36.000000 -0.2981117 0.0575340 -1.2192906 0.0294887 -0.5372558 -0.1721766 0.8251315 0
36.200000 -0.3041064 -0.0014785 -1.2364604 0.0310515 -0.5387447 -0.1710734 0.8243324 0
36.800000 -0.2847620 -0.0959115 -1.2810907 0.0118031 -0.5367160 -0.1899732 0.8220139 0
36.950000 -0.2799344 -0.1194362 -1.3017948 -0.0027984 -0.5420571 -0.1735103 0.8222290 0
37.200000 -0.2675081 -0.1224080 -1.3092535 -0.0096780 -0.5511012 -0.1514245 0.8205269 0
37.350000 -0.2584814 -0.1028538 -1.2956687 0.0059970 -0.5539032 -0.1437585 0.8200541 0
37.550000 -0.2373716 -0.0586047 -1.2656829 0.0298592 -0.5512105 -0.1485404 0.8204944 0
37.750000 -0.2018993 -0.0110691 -1.2283485 0.0304751 -0.5457920 -0.1639088 0.8211676 0
38.050000 -0.1349615 0.0565288 -1.1731414 0.0009535 -0.5376084 -0.1781809 0.8241528 0
38.400000 -0.0542518 0.1168962 -1.0862375 -0.0026067 -0.4964201 -0.1372329 0.8571624 0
38.800000 0.0660339 0.1359190 -0.9841930 0.0218485 -0.3888519 -0.0923405 0.9164006 0
39.200000 0.2381549 0.1130080 -0.8902202 -0.0089620 -0.2716793 -0.0487470 0.9611107 0
39.600000 0.4345930 0.1066673 -0.7792178 0.0249521 -0.1332864 0.0062012 0.9907440 0
39.950000 0.6354348 0.1394075 -0.6918564 0.0556551 0.0100995 0.0399704 0.9975985 0
40.350000 0.8872634 0.2158262 -0.6599418 0.0028056 0.1525775 0.0548643 0.9867635 0
40.700000 1.0895704 0.2507366 -0.6625858 0.0111432 0.2466612 0.0438492 0.9680451 0
41.050000 1.2207031 0.2702455 -0.6790357 0.0710356 0.3214482 0.0698065 0.9416751 0
41.350000 1.2619600 0.3027484 -0.7313808 0.0583598 0.4218965 0.1008277 0.8991281 0
41.650000 1.2386093 0.3694789 -0.7969725 0.0280963 0.5368848 0.1595754 0.8279498 0
41.850000 1.2035403 0.4327828 -0.8423814 0.0449961 0.6115402 0.1844019 0.7681080 0
42.000000 1.1550245 0.4828350 -0.8780546 0.0382384 0.6484238 0.2163415 0.7288901 0
42.200000 1.0757850 0.5410823 -0.9289784 -0.0012152 0.6670310 0.2517532 0.7012050 0
42.350000 1.0163307 0.5593265 -0.9752430 -0.0457266 0.6488751 0.2838445 0.7044874 0
42.500000 0.9707136 0.5492235 -1.0302441 -0.0767816 0.6167999 0.3021987 0.7227298 0
42.750000 0.9461930 0.5176569 -1.1185474 -0.1122029 0.5920875 0.2703025 0.7508525 0
43.000000 0.9753883 0.4950382 -1.1755290 -0.1184456 0.6198263 0.1310705 0.7645956 0
45.100000 1.3612231 0.3337894 -1.1192720 -0.0550857 0.6159418 0.2569776 0.7426600 0
45.900000 1.8065925 0.2836995 -1.1069571 0.0913340 0.6459961 0.1238562 0.7476676 0
46.100000 1.8259211 0.2589445 -1.1067563 0.1302660 0.6492190 0.0991382 0.7427766 0
46.300000 1.7701051 0.2308158 -1.1151407 0.1258891 0.6519017 0.1003349 0.7410189 0
46.750000 1.4626074 0.1714233 -1.1435697 -0.0681471 0.6129412 0.2671876 0.7404525 0
46.950000 1.3395510 0.1425718 -1.1507167 -0.1271079 0.5788165 0.3500607 0.7254465 0
47.200000 1.2928733 0.1042358 -1.1637211 -0.1763212 0.5632057 0.3802641 0.7121161 0
47.450000 1.4030530 0.0318825 -1.1791893 -0.1038647 0.6092798 0.3072430 0.7235966 0
47.700000 1.5737946 -0.0272640 -1.1941098 0.0530287 0.6637478 0.1700149 0.7264445 0
47.950000 1.6874803 -0.0434245 -1.1751637 0.1380318 0.6799939 0.0943856 0.7138956 0
48.150000 1.6931969 -0.0504788 -1.1695591 0.1755225 0.6766376 0.0685666 0.7117949 0
48.300000 1.6296349 -0.0629014 -1.1768984 0.1571064 0.6675160 0.0942349 0.7217062 0
48.500000 1.4797336 -0.0815924 -1.1928697 0.0503061 0.6456943 0.1930061 0.7370867 0
49.050000 1.0480467 -0.0164719 -1.2026794 -0.1254546 0.5961047 0.3210050 0.7251731 0
49.350000 0.9730220 0.0347392 -1.1874024 -0.1583366 0.5845841 0.3425573 0.7182238 0
49.650000 1.0634670 0.0369206 -1.1635395 -0.0472070 0.6384463 0.2450559 0.7280834 0
51.350000 0.9434411 0.2050378 -0.9833944 -0.0735595 0.4940958 0.2320608 0.8346294 0
51.750000 0.9695798 0.2370369 -0.9008413 -0.0745087 0.4176643 0.1816633 0.8871322 0
52.400000 1.1457741 0.1547374 -0.6917840 -0.0817382 0.3217752 0.1452393 0.9320328 0
52.800000 1.3122090 0.0839464 -0.4886386 0.0053014 0.3240981 0.1118363 0.9393748 0
53.200000 1.4404371 0.0136434 -0.3105926 0.1514768 0.3466081 0.0604539 0.9237223 0
53.550000 1.4056792 -0.0506182 -0.3203914 0.0901147 0.3528577 0.0816546 0.9277410 0

#----------------

#Map #0:
5.550000 -0.1983999 -0.4762309 -0.6601012 -0.1292495 0.0433840 0.0021125 0.9906604 0
8.600000 -0.2360535 -0.7065770 -0.3338875 -0.1400914 0.3128542 0.0565187 0.9377112 0
12.200000 -0.0391567 -0.5478595 0.2947221 -0.0767591 0.7530807 0.1757821 0.6293474 0
15.000000 0.3917696 -0.9525792 -0.0596003 -0.0475999 0.8851119 0.1801789 0.4264349 0
15.200000 0.4052132 -0.9374905 -0.0827221 -0.0467395 0.8920573 0.1833880 0.4103876 0
18.150000 0.7889338 -0.7683580 -0.4487708 -0.0066174 0.9322774 0.2081668 0.2957729 0
18.900000 0.8509461 -0.6865780 -0.6724564 -0.0404892 0.9424318 0.2166875 0.2514547 0
28.100000 1.5069327 -0.5713512 -1.2604063 -0.0794090 -0.2913422 -0.0878362 0.9492622 0
32.300000 1.3477643 -0.3710046 -1.9867535 -0.1185864 -0.5156754 -0.1184478 0.8402299 0
34.400000 1.6903660 -0.6223662 -1.9662299 -0.1424275 -0.2146569 -0.0692636 0.9637631 0
35.200000 1.8106551 -0.4680031 -2.0084763 -0.1527108 -0.0341862 -0.0370889 0.9869828 0
41.000000 2.8516641 -0.7926012 -1.5286424 -0.1388878 0.1020594 -0.0120662 0.9849612 0
45.100000 2.2998872 -0.5799207 -1.1649120 -0.0813100 0.7098793 0.1677905 0.6791954 0
46.550000 2.5805299 -0.4985954 -1.2782547 -0.0868038 0.8577659 0.1727643 0.4762934 0
47.550000 3.0042815 -0.6902775 -1.1925871 0.0063801 0.9391965 0.1956658 0.2821067 0
48.150000 3.0583122 -0.7441824 -1.1391065 0.0056732 0.9467194 0.2179340 0.2370547 0
49.000000 2.8042979 -0.7908963 -1.2380159 -0.0130074 0.9572071 0.2106523 0.1980174 0
49.600000 2.5157285 -0.7164401 -1.3710306 -0.0375298 0.9643359 0.2288321 0.1276077 0
51.900000 2.4149213 -0.8333287 -1.8314089 -0.0216220 0.9733380 0.1813406 0.1387848 0
53.500000 2.1608400 -0.7975127 -1.7234681 -0.0204306 0.9763382 0.1747466 0.1257375 0
55.200000 1.5988817 -0.7042267 -1.6532823 -0.0439290 0.9607076 0.1768978 0.2093281 0
55.550000 1.5010679 -0.6946520 -1.6314816 -0.0480513 0.9532808 0.2006659 0.2206355 0
61.200000 1.1039729 -0.7573053 -2.3800550 -0.0871361 0.7525371 0.1708478 0.6300050 0
62.250000 1.0997093 -0.7271423 -2.7503088 -0.0989287 0.7372884 0.1573614 0.6495047 0
63.750000 1.2730491 -0.6800584 -3.1535890 -0.1008634 0.6950530 0.1379478 0.6983539 0
64.250000 1.3499982 -0.7069072 -3.2375934 -0.1017775 0.6516643 0.1524400 0.7360279 0
66.650000 1.9761342 -0.7074362 -3.7481942 -0.1315967 0.5735441 0.0889260 0.8036304 0
67.050000 2.0525653 -0.6960082 -3.7400470 -0.1325442 0.5206755 0.0782659 0.8397639 0
67.450000 2.1021636 -0.7440704 -3.6720536 -0.1332789 0.4346605 0.0911306 0.8860035 0
68.450000 2.3512022 -0.8215623 -3.5163879 -0.1165144 0.4688447 0.0619275 0.8733693 0
68.900000 2.4122186 -0.8456463 -3.4431338 -0.1290290 0.4599945 0.0903516 0.8738382 0
69.950000 2.5588624 -0.8672565 -3.1740646 -0.1298449 0.3534772 0.0618131 0.9243231 0
70.350000 2.6206398 -0.8548317 -3.0388777 -0.1439560 0.3534911 0.0620643 0.9222086 0
74.800000 1.4141788 -0.8998386 -1.4932494 -0.1225682 0.1619653 0.0461174 0.9780682 0
77.700000 1.6818959 -0.5133772 -1.2537172 -0.1569539 -0.1015113 -0.0604006 0.9805166 0
82.850000 0.8501705 -0.7509375 -0.5668132 -0.1252018 -0.3747198 -0.1107495 0.9119453 0
84.600000 0.4630286 -0.8741492 -0.3199368 -0.1021471 -0.4876884 -0.1431088 0.8551292 0
84.950000 0.3359625 -0.8778251 -0.2889877 -0.1149021 -0.4861779 -0.1435575 0.8542950 0
86.100000 -0.2282375 -0.8305551 -0.3428488 -0.0946676 -0.5547013 -0.1210111 0.8177413 0
87.050000 -0.4772701 -0.8188648 -0.5354937 -0.1115358 -0.5443930 -0.1261920 0.8217491 0
89.750000 -0.9442674 -0.8053870 -0.4928441 -0.1291053 0.0844799 0.0488165 0.9868191 0
90.200000 -1.0110930 -0.8249464 -0.4486859 -0.1259819 0.1761387 0.0802416 0.9729671 0
90.750000 -0.9286591 -0.8638111 -0.4617825 -0.1182717 0.3165745 0.0683256 0.9386821 0
91.350000 -0.8365052 -0.9108306 -0.5253956 -0.1137449 0.3921497 0.0995498 0.9073976 0
93.200000 -0.6440074 -1.0396683 -0.9050087 -0.0898210 0.6001335 0.1346180 0.7833581 0
94.600000 -0.4597570 -1.0533737 -1.4007053 -0.1233911 0.5705603 0.1350824 0.8006175 0
95.500000 -0.1160267 -1.0406569 -1.7338668 -0.0979276 0.5823756 0.1185466 0.7982453 0
96.800000 0.3139755 -0.9869440 -2.2532628 -0.1576691 0.4122118 0.0692190 0.8946679 0
100.600000 2.1607592 -1.0083216 -2.3134685 -0.1315471 0.3213578 0.0388560 0.9369710 0
101.550000 2.4149725 -1.0263346 -2.2065256 -0.1618758 0.1389498 0.0102739 0.9769256 0
102.250000 2.5201530 -1.0426744 -1.9781973 -0.1415628 0.1647489 0.0146123 0.9760145 0
102.900000 2.5361104 -1.0324601 -1.7197180 -0.1296834 0.1762072 0.0199209 0.9755698 0
104.300000 2.2850850 -0.9503844 -1.4038043 -0.1177188 0.1445310 0.0039574 0.9824650 0
111.500000 -0.2240862 -0.9674598 -0.1137971 -0.1058663 0.6327465 0.1559921 0.7510597 0
116.550000 0.4192938 -0.8435851 -1.7371106 -0.0987936 0.6639171 0.1338004 0.7290757 0
117.450000 0.6412335 -0.7876667 -2.0422933 -0.1466551 0.5222878 0.0883369 0.8354067 0
119.550000 1.8532708 -0.9225538 -2.0867763 -0.1163812 0.2933325 0.0404250 0.9480386 0
120.350000 2.2226176 -0.9549790 -2.0550320 -0.1276561 0.0777896 -0.0353645 0.9881306 0
121.050000 2.3117170 -0.9484670 -2.0296285 -0.1338069 -0.1466397 -0.0487348 0.9788858 0
121.800000 2.3078332 -0.9365724 -2.0749483 -0.1225315 -0.3999946 -0.1073214 0.9019271 0
122.500000 2.2282717 -0.8857087 -2.1712432 -0.1146101 -0.5743291 -0.1452902 0.7974342 0
123.150000 2.0904932 -0.8183761 -2.2254844 -0.1102511 -0.6034227 -0.1342260 0.7782732 0
123.600000 1.9979234 -0.7752976 -2.2350116 -0.1002019 -0.6250597 -0.1481306 0.7598140 0
124.500000 1.7189192 -0.6712134 -2.2103200 -0.1307948 -0.6459966 -0.1329902 0.7401991 0
125.850000 1.3547150 -0.6177235 -1.9480902 -0.0582001 -0.6245162 -0.1417619 0.7658301 0
127.900000 1.1985898 -0.5982593 -2.6136327 -0.1658430 -0.3994706 -0.1024464 0.8957813 0
128.450000 0.9220152 -0.6176416 -2.7337732 -0.1428213 -0.3816368 -0.0852368 0.9092250 0
128.950000 0.6695365 -0.6458884 -2.7455640 -0.1079783 -0.3616710 -0.0795958 0.9226046 0
129.550000 0.4371260 -0.6507716 -2.7854786 -0.1034589 -0.2979382 -0.0870805 0.9449582 0
130.100000 0.2344704 -0.6512948 -2.8849323 -0.1629339 -0.2866136 -0.0674923 0.9416741 0
130.550000 0.0779439 -0.6683576 -2.8583095 -0.1685055 -0.2223131 -0.0540859 0.9587792 0
131.050000 -0.0858139 -0.6959651 -2.7112944 -0.1471431 -0.1082478 -0.0500668 0.9818985 0
131.700000 -0.3573640 -0.6994677 -2.4880683 -0.1309389 -0.0681747 -0.0231918 0.9887716 0
132.300000 -0.5634872 -0.6754550 -2.3211191 -0.1414794 0.0954100 0.0335712 0.9847606 0
132.950000 -0.6706237 -0.6390177 -2.1422627 -0.1358900 0.2952653 0.0586316 0.9438828 0
133.600000 -0.7138478 -0.5640672 -1.9541335 -0.1273700 0.4570482 0.1111171 0.8732336 0
134.250000 -0.6391009 -0.5087221 -1.8062829 -0.1439319 0.5543833 0.1365248 0.8082721 0
135.450000 -0.2335962 -0.6278701 -1.4129376 -0.0971368 0.5246601 0.0881916 0.8411412 0

#----------------

#Map #1:
6.000000 -0.2060755 -0.5346202 -0.6161908 -0.1260629 0.0432471 -0.0007402 0.9910789 1
8.750000 -0.2339237 -0.7011616 -0.3047335 -0.1389038 0.3552727 0.0666045 0.9219820 1
11.250000 -0.1329378 -0.5305102 0.2468922 -0.0958233 0.6890779 0.1581980 0.7006875 1
11.500000 -0.1004283 -0.5204075 0.2634357 -0.1016356 0.6865934 0.1401311 0.7061324 1
12.100000 -0.0416024 -0.5286430 0.2932729 -0.0731639 0.7484819 0.1651542 0.6380800 1
12.750000 -0.0151739 -0.6941361 0.2361262 -0.0916920 0.7645239 0.1722049 0.6143624 1
16.150000 0.4007754 -0.8643385 -0.1926776 -0.0644852 0.9141069 0.1906218 0.3520136 1
16.450000 0.4132870 -0.7801899 -0.2168675 -0.0574410 0.9284613 0.2053484 0.3041251 1
18.300000 0.8081031 -0.7575931 -0.4851055 -0.0090090 0.9352248 0.2150486 0.2811184 1
19.150000 0.8802789 -0.6545701 -0.7591887 -0.0541890 0.9302709 0.2132424 0.2935769 1
22.250000 1.1812612 -0.6785945 -1.3502413 -0.1176333 0.4669647 0.0869205 0.8720959 1
31.800000 1.3457270 -0.3341190 -1.9344907 -0.1123306 -0.5071709 -0.1172584 0.8464101 1
32.450000 1.3509853 -0.4108080 -2.0009704 -0.1197837 -0.5231690 -0.1169636 0.8356229 1
35.350000 1.8116109 -0.4501033 -2.0017862 -0.1533448 -0.0260526 -0.0234175 0.9875516 1
36.800000 1.9429897 -0.5388750 -1.7917852 -0.1288266 -0.0815766 0.0017807 0.9883045 1
41.100000 2.8457654 -0.8004200 -1.5318377 -0.1430601 0.1262159 -0.0095561 0.9815865 1
43.850000 2.4116633 -0.6915373 -1.3723537 -0.1220934 0.4864286 0.0846123 0.8610001 1
45.250000 2.2916751 -0.5662841 -1.1754334 -0.0932969 0.7239997 0.1615670 0.6640905 1
46.100000 2.4098730 -0.4937619 -1.2667935 -0.1063323 0.8200620 0.1657083 0.5373383 1
47.750000 3.0470514 -0.7132927 -1.1631079 0.0189151 0.9437216 0.2109414 0.2540383 1
48.250000 3.0475216 -0.7486355 -1.1412928 0.0056493 0.9467398 0.2159212 0.2388092 1
49.150000 2.7238102 -0.7894834 -1.2653550 -0.0291318 0.9602146 0.2165963 0.1738547 1
50.250000 2.3760412 -0.6837276 -1.6235048 -0.0478315 0.9658384 0.2208214 0.1269101 1
50.950000 2.4241743 -0.7453907 -1.8732554 -0.0174655 0.9804851 0.1453517 0.1312128 1
51.350000 2.4455271 -0.7857075 -1.8530674 0.0087162 0.9672724 0.2116339 0.1397114 1
55.750000 1.4666474 -0.6898224 -1.6053441 -0.0478535 0.9402505 0.1984194 0.2725229 1
56.700000 1.3942541 -0.6167086 -1.5044949 -0.0566134 0.8884064 0.1903959 0.4138579 1
57.650000 1.3941507 -0.5871277 -1.4874852 -0.0355363 0.8741728 0.1910607 0.4450336 1
58.150000 1.3527147 -0.6728139 -1.5239983 -0.0695095 0.8225411 0.1793600 0.5351864 1
60.350000 1.2420877 -0.7990935 -2.1166732 -0.0629003 0.7936663 0.1439311 0.5877255 1
63.050000 1.1881161 -0.6911365 -2.9773970 -0.0887642 0.6975140 0.1367339 0.6977814 1
64.500000 1.4077306 -0.7164060 -3.2846444 -0.0997805 0.6425428 0.1425205 0.7462376 1
65.550000 1.6744829 -0.7553876 -3.5056987 -0.1039985 0.5867114 0.1231748 0.7935881 1
66.850000 2.0215647 -0.6896335 -3.7591555 -0.1402805 0.5594023 0.0740853 0.8135735 1
68.050000 2.2395806 -0.7924611 -3.5660038 -0.1181553 0.4418586 0.0931598 0.8843763 1
69.500000 2.4904244 -0.8563923 -3.3165240 -0.1479518 0.3935602 0.0535966 0.9057307 1
70.150000 2.5870571 -0.8627801 -3.1082442 -0.1398409 0.3505843 0.0639011 0.9238245 1
71.350000 2.7025304 -0.8577225 -2.6226413 -0.1168170 0.2958476 0.0027192 0.9480615 1
76.000000 1.3330684 -0.7502638 -1.3180124 -0.1223166 -0.0049324 0.0079027 0.9924474 1
77.200000 1.6384794 -0.5658663 -1.3157852 -0.1656878 -0.1069703 -0.0599405 0.9785255 1
77.750000 1.6795357 -0.5094764 -1.2432420 -0.1552287 -0.1016506 -0.0622037 0.9806640 1
78.900000 1.3462641 -0.5437590 -0.9944718 -0.1355984 -0.1777216 -0.0425073 0.9737665 1
80.250000 1.0161635 -0.6553909 -0.7818660 -0.1245690 -0.2198181 -0.0544518 0.9660215 1
81.500000 0.8975904 -0.5383520 -0.7212793 -0.1390612 -0.2383714 -0.0612438 0.9592134 1
82.050000 0.8706669 -0.6419345 -0.6645409 -0.1373184 -0.2673021 -0.0642990 0.9516086 1
83.000000 0.8401144 -0.7649213 -0.5481712 -0.1222934 -0.3661143 -0.1189167 0.9148024 1
84.750000 0.4126084 -0.8775616 -0.3040929 -0.1027904 -0.4855076 -0.1507719 0.8549762 1
85.300000 0.1677860 -0.8684158 -0.2857686 -0.1072532 -0.5004109 -0.1491764 0.8460686 1
85.900000 -0.1462057 -0.8455867 -0.3274050 -0.1009790 -0.5544635 -0.1167070 0.8177732 1
86.400000 -0.3271108 -0.8141436 -0.3817095 -0.0853345 -0.5474226 -0.1306185 0.8221833 1
86.900000 -0.4490801 -0.8205261 -0.4966657 -0.1106120 -0.5464132 -0.1271110 0.8203903 1
87.200000 -0.5033419 -0.8245896 -0.5642793 -0.1249974 -0.5360874 -0.1073328 0.8279285 1
87.550000 -0.5489127 -0.8376734 -0.6043576 -0.1299814 -0.4691104 -0.0931793 0.8685378 1
87.900000 -0.5547021 -0.8392718 -0.6020288 -0.1238443 -0.3751555 -0.0903425 0.9141986 1
88.300000 -0.5903172 -0.8695029 -0.6022693 -0.1315026 -0.2688060 -0.0813634 0.9507000 1
88.700000 -0.6395857 -0.8547733 -0.6066363 -0.1473058 -0.2046226 -0.0671267 0.9653624 1
89.050000 -0.7176777 -0.8365846 -0.5841820 -0.1476174 -0.1106854 -0.0521095 0.9814492 1
90.650000 -0.9498155 -0.8526585 -0.4538686 -0.1217065 0.2869890 0.0650363 0.9479426 1
91.500000 -0.8092500 -0.9288753 -0.5533131 -0.1132638 0.4005896 0.0904407 0.9047208 1
92.400000 -0.6716220 -1.0157616 -0.7129599 -0.1067385 0.5193687 0.0975031 0.8422329 1
93.050000 -0.6458605 -1.0423986 -0.8519887 -0.0804283 0.5968925 0.1420667 0.7855366 1
100.150000 1.9435191 -0.9984290 -2.3238568 -0.1228028 0.3619581 0.0721412 0.9212499 1
103.550000 2.4874363 -0.9950059 -1.5112457 -0.1266308 0.1678832 0.0064056 0.9776189 1
104.000000 2.3862052 -0.9648419 -1.4301398 -0.1213435 0.1530478 -0.0008839 0.9807402 1
104.500000 2.2040315 -0.9343681 -1.3969798 -0.1228423 0.1433308 0.0049294 0.9820091 1
110.950000 -0.2357967 -0.9642164 -0.2437193 -0.1149672 0.5163779 0.1147112 0.8408197 1
115.900000 0.3025148 -0.8251202 -1.4264488 -0.0992848 0.6826538 0.1354456 0.7111826 1
117.000000 0.5044699 -0.8203925 -1.9173980 -0.1342722 0.5976167 0.1297116 0.7797437 1
120.650000 2.2757483 -0.9564433 -2.0424139 -0.1369083 -0.0200903 -0.0307729 0.9899018 1
121.350000 2.3187099 -0.9456222 -2.0279689 -0.1142612 -0.2429358 -0.0762787 0.9602646 1
123.100000 2.1010435 -0.8221196 -2.2258461 -0.1140925 -0.6046550 -0.1310900 0.7772970 1
124.100000 1.8776747 -0.7055144 -2.2529752 -0.1399087 -0.6415242 -0.1472261 0.7397275 1
125.800000 1.3547795 -0.6182643 -1.9462502 -0.0548505 -0.6235418 -0.1422137 0.7667870 1
127.500000 1.3385584 -0.6126145 -2.4476552 -0.1349771 -0.4779800 -0.1381007 0.8568807 1
128.100000 1.1114260 -0.5966966 -2.6729553 -0.1622349 -0.3832424 -0.1110182 0.9024855 1
128.650000 0.8135569 -0.6312300 -2.7452919 -0.1361059 -0.3692528 -0.0673132 0.9168405 1
129.150000 0.5899427 -0.6518527 -2.7479451 -0.1063306 -0.3429900 -0.0893375 0.9290159 1
129.800000 0.3397899 -0.6478560 -2.8415325 -0.1415087 -0.2916469 -0.0635452 0.9438641 1
130.350000 0.1485510 -0.6616223 -2.8832238 -0.1565621 -0.2613649 -0.0671064 0.9500913 1
130.900000 -0.0374699 -0.6861615 -2.7653627 -0.1580739 -0.1408351 -0.0406037 0.9764884 1
131.550000 -0.2882042 -0.7046723 -2.5375466 -0.1330587 -0.0798253 -0.0353883 0.9872543 1
132.550000 -0.6118532 -0.6630399 -2.2608135 -0.1551743 0.1752400 0.0330487 0.9716582 1
133.300000 -0.7090442 -0.6019670 -2.0366201 -0.1344770 0.3848044 0.0979030 0.9078857 1
134.000000 -0.6833499 -0.5224647 -1.8632303 -0.1345956 0.5361641 0.1329974 0.8226322 1
134.600000 -0.5310985 -0.5135227 -1.7155361 -0.1370386 0.5615329 0.1065865 0.8090367 1
140.800000 -0.1086610 -0.5346369 -1.0077599 -0.1259970 0.3667252 0.0627045 0.9196225 1
141.400000 -0.1370084 -0.5390233 -1.0029435 -0.1413535 0.3680756 0.0655988 0.9166440 1
141.950000 -0.1455234 -0.4783978 -0.9487765 -0.1109224 0.3713360 0.1037419 0.9159931 1
142.750000 -0.1331459 -0.4328964 -0.9439847 -0.1279628 0.3948233 0.0566572 0.9080364 1
144.300000 -0.1300204 -0.4309154 -0.9432038 -0.1296132 0.3954756 0.0598231 0.9073151 1
145.550000 -0.1312585 -0.4310952 -0.9435425 -0.1293615 0.3955524 0.0603838 0.9072804 1

#----------------

#Map #2:
136.850000 -0.0821857 -0.7657081 -1.1909559 -0.1512471 0.3880550 0.0823999 0.9053993 0
137.250000 -0.0291227 -0.7823425 -1.1330740 -0.1323707 0.3986165 0.0648130 0.9051973 0
137.850000 0.0090441 -0.7693442 -1.0189238 -0.1190811 0.3812075 0.0622861 0.9146699 0

#----------------

#Map #0:
8.600000 0.0000000 0.0000000 0.0000000 0.0000000 0.0000000 0.0000000 1.0000000 0
8.800000 -0.0487340 -0.0229522 -0.0045297 0.0005095 0.0004417 0.0028225 0.9999958 0
8.850000 -0.0614992 -0.0274788 -0.0051441 0.0009579 0.0013035 0.0023395 0.9999959 0
9.100000 -0.1193992 -0.0554997 -0.0131413 -0.0010039 0.0017670 0.0037251 0.9999910 0
9.300000 -0.1659559 -0.0746587 -0.0179760 -0.0009661 0.0024191 0.0044097 0.9999869 0
9.750000 -0.2631400 -0.1231064 -0.0297323 0.0013319 -0.0133583 0.0473334 0.9987890 0
10.050000 -0.2912962 -0.1523384 -0.0414680 0.0132701 -0.0253477 0.0806463 0.9963320 0
11.300000 0.2871503 -0.2159397 -0.1184202 -0.0005968 -0.0195583 0.0581498 0.9981161 0
11.500000 0.4320376 -0.2192058 -0.1207474 0.0198202 -0.0101238 0.0420979 0.9988655 0
11.650000 0.5480635 -0.2355711 -0.1251855 0.0328005 0.0065416 0.0304281 0.9989772 0
11.750000 0.6234728 -0.2368965 -0.1306534 0.0317716 0.0239964 0.0281550 0.9988103 0
11.850000 0.7025585 -0.2389801 -0.1386178 0.0201306 0.0431349 0.0297608 0.9984230 0
12.000000 0.8195877 -0.2301614 -0.1515071 0.0019302 0.0719794 0.0378637 0.9966853 0
12.150000 0.9342306 -0.2162090 -0.1620699 -0.0009142 0.1054282 0.0480087 0.9932669 0
12.350000 1.0784798 -0.1833387 -0.1702184 -0.0081143 0.1385296 0.0579997 0.9886252 0
12.600000 1.2507031 -0.1180188 -0.1701111 -0.0240882 0.1553826 0.0639094 0.9854905 0
12.700000 1.3159618 -0.0924638 -0.1685649 -0.0381108 0.1594893 0.0577546 0.9847716 0
13.000000 1.4989846 -0.0621068 -0.1453815 -0.0602158 0.1599669 0.0463679 0.9841924 0
13.400000 1.7105076 -0.0652378 -0.0557393 -0.0394805 0.1620960 0.0103160 0.9859309 0
13.500000 1.7553561 -0.0704520 -0.0256754 -0.0358595 0.1629546 -0.0004319 0.9859816 0
13.600000 1.7922281 -0.0775880 0.0088095 -0.0346798 0.1647392 -0.0074209 0.9856994 0
13.700000 1.8199968 -0.0856212 0.0449749 -0.0335509 0.1661205 -0.0124838 0.9854555 0
13.950000 1.8622935 -0.1145982 0.1476169 -0.0266771 0.1583334 0.0101890 0.9869727 0
14.100000 1.8700145 -0.1425720 0.2141316 -0.0001441 0.1495667 0.0405490 0.9879198 0
14.250000 1.8726912 -0.1691307 0.2787891 0.0366385 0.1488595 0.0495008 0.9869388 0
14.450000 1.8732045 -0.2011985 0.3489611 0.0659604 0.1540274 0.0391617 0.9850844 0
14.900000 1.8274223 -0.2443987 0.3916342 0.0684176 0.1534256 0.0521699 0.9844074 0
15.050000 1.8024622 -0.2503989 0.3722764 0.0496175 0.1543361 0.0517148 0.9854157 0
15.200000 1.7660522 -0.2527644 0.3449923 0.0370203 0.1570773 0.0532530 0.9854544 0
15.550000 1.6826932 -0.2411932 0.2585872 0.0232596 0.1560219 0.0500866 0.9862086 0
15.800000 1.6082604 -0.2289785 0.1884025 0.0049672 0.1616403 0.0348562 0.9862215 0
16.050000 1.5281656 -0.2155165 0.1112033 -0.0130732 0.1476586 0.0543521 0.9874573 0
16.200000 1.4789109 -0.2004915 0.0679280 -0.0256686 0.1264847 0.0574860 0.9899687 0
16.450000 1.3928722 -0.1715881 0.0221471 -0.0411533 0.0816500 0.0364794 0.9951427 0
16.800000 1.2805248 -0.1341168 -0.0149771 -0.0489725 0.0212209 0.0041426 0.9985661 0
17.250000 1.1317466 -0.1900019 -0.0055387 -0.0355758 -0.0859256 -0.0177633 0.9955077 0
17.700000 0.9909655 -0.3253352 0.0334325 0.0075233 -0.2518562 -0.0748568 0.9648359 0
18.000000 0.9235365 -0.3871571 0.0716193 0.0398872 -0.3444111 -0.1352426 0.9281700 0
18.400000 0.8242929 -0.3885274 0.1107268 0.0487428 -0.4884088 -0.1590758 0.8566072 0
18.650000 0.7840124 -0.3658934 0.1260877 0.0695748 -0.5753213 -0.1773500 0.7954317 0
18.900000 0.7637121 -0.3331120 0.1244430 0.0462748 -0.6269159 -0.2279555 0.7435532 0
19.100000 0.7679846 -0.3044153 0.1140947 0.0153855 -0.6750459 -0.2447001 0.6958435 0
19.300000 0.7701370 -0.3050580 0.1003005 -0.0224660 -0.7302290 -0.2656215 0.6290518 0
19.400000 0.7750422 -0.3062086 0.0943491 -0.0406586 -0.7544966 -0.2867391 0.5889502 0

#----------------

#Map #1:
21.250000 0.8829174 -0.0458936 -0.2081851 -0.0393425 0.9131855 0.2997919 0.2732568 0
21.450000 0.9256043 -0.0642844 -0.2145484 -0.0163314 0.8900973 0.2889340 0.3521042 0
21.600000 0.9545777 -0.0753762 -0.2113731 -0.0070477 0.8651343 0.2794563 0.4164098 0
21.700000 0.9719421 -0.0830541 -0.2043910 -0.0038321 0.8442750 0.2735672 0.4608102 0
21.850000 0.9895348 -0.0947986 -0.1920784 -0.0010512 0.8072408 0.2652996 0.5272356 0
22.050000 1.0019298 -0.1147398 -0.1697506 -0.0018612 0.7505699 0.2444867 0.6138954 0
22.200000 1.0058684 -0.1258607 -0.1515025 0.0023710 0.7047728 0.2220203 0.6737928 0
22.500000 0.9881722 -0.1432788 -0.1053331 -0.0102866 0.6048371 0.1953095 0.7719589 0
22.700000 0.9651120 -0.1499776 -0.0731762 -0.0182498 0.5404491 0.1762859 0.8224993 0
23.000000 0.9221720 -0.1626723 -0.0100908 -0.0255647 0.4540982 0.1288700 0.8812116 0
23.250000 0.8709304 -0.1704016 0.0568097 -0.0154667 0.3517940 0.0952880 0.9310864 0
24.050000 0.6228042 -0.1548354 0.2300601 0.0481339 -0.0558630 -0.0287405 0.9968633 0
24.300000 0.5335027 -0.1331831 0.2346018 0.0515602 -0.1458902 -0.0532179 0.9865219 0
24.550000 0.4561209 -0.1093592 0.2081753 0.0588986 -0.2379043 -0.0716144 0.9668526 0
24.800000 0.3923745 -0.0907848 0.1544790 0.0558421 -0.3302754 -0.0950985 0.9374199 0
25.500000 0.3199224 -0.0508996 -0.0308219 0.0149799 -0.5255867 -0.1855439 0.8301251 0
25.850000 0.3005630 -0.0580023 -0.1510120 0.0111563 -0.5919812 -0.1917897 0.7827199 0
26.200000 0.2859936 -0.0585424 -0.2840141 0.0099036 -0.6659897 -0.2152566 0.7141598 0
26.250000 0.2874273 -0.0576893 -0.2987990 0.0112075 -0.6807303 -0.2202219 0.6985578 0
26.350000 0.2889150 -0.0507663 -0.3316213 0.0132550 -0.7096534 -0.2298573 0.6658694 0
26.550000 0.2913833 -0.0249673 -0.3946234 0.0167557 -0.7627864 -0.2481094 0.5969236 0
26.650000 0.2913541 -0.0110409 -0.4215276 0.0213402 -0.7877603 -0.2529108 0.5612615 0
26.750000 0.2913927 0.0023471 -0.4483989 0.0348585 -0.8079381 -0.2580210 0.5286266 0
26.850000 0.2918346 0.0139901 -0.4726043 0.0513383 -0.8214754 -0.2646572 0.5024930 0
27.050000 0.3009003 0.0354927 -0.5160346 -0.0931638 0.8325866 0.2722427 -0.4732905 0
27.150000 0.3161994 0.0452332 -0.5414253 -0.1041992 0.8328472 0.2768552 -0.4678239 0
27.250000 0.3419149 0.0593334 -0.5702627 -0.0959853 0.8317915 0.2832408 -0.4676370 0
27.650000 0.4975193 0.1102843 -0.7112958 -0.0547343 0.8211374 0.2949540 -0.4855304 0
27.750000 0.5448679 0.1249735 -0.7520109 -0.0298542 0.8133188 0.2980570 -0.4987817 0
28.050000 0.6718296 0.1616461 -0.8849568 -0.0189357 -0.7739508 -0.3139745 0.5496013 0
28.200000 0.7203870 0.1769772 -0.9555764 -0.0627469 -0.7549443 -0.3010127 0.5792351 0
28.350000 0.7537011 0.1959047 -1.0225314 -0.1055905 -0.7400520 -0.2833261 0.6007496 0
28.550000 0.7640821 0.2141597 -1.0950997 -0.1227333 -0.7310094 -0.2681156 0.6153664 0
28.750000 0.7331670 0.2223808 -1.1435460 -0.0740904 -0.7351155 -0.2611651 0.6212155 0
29.150000 0.6170013 0.2717692 -1.1922611 0.0053011 -0.7402850 -0.2745076 0.6136738 0
29.350000 0.5512775 0.3069340 -1.2152020 -0.0125661 -0.7402829 -0.2863279 0.6081445 0
29.550000 0.4782243 0.3449193 -1.2422673 -0.0077130 -0.7431750 -0.2752626 0.6098048 0
29.950000 0.3077097 0.4023495 -1.2867801 -0.0077125 -0.6915728 -0.2368581 0.6823239 0
30.150000 0.2246284 0.4315699 -1.3019980 -0.0229431 -0.6511121 -0.2099027 0.7290182 0
30.350000 0.1392805 0.4483415 -1.3132116 -0.0423443 -0.6252491 -0.1767128 0.7589751 0
30.550000 0.0544579 0.4545400 -1.3089477 -0.0246621 -0.6087252 -0.1511970 0.7784503 0
31.000000 -0.0730667 0.4498958 -1.2598115 0.0247493 -0.5555815 -0.1549152 0.8165280 0
31.250000 -0.1087474 0.4570740 -1.2364221 0.0214635 -0.5611687 -0.1314586 0.8169135 0
31.500000 -0.1106938 0.4619296 -1.2049110 0.0494310 -0.5592391 -0.1417043 0.8153086 0
32.250000 0.0414697 0.5172778 -1.1141082 -0.0177206 -0.4622023 -0.1506615 0.8737026 0
32.450000 0.0972912 0.5142585 -1.0839078 -0.0392052 -0.4449118 -0.1887076 0.8745890 0
32.700000 0.1404553 0.4874826 -1.0464643 -0.0126311 -0.4368966 -0.2266304 0.8704025 0
33.350000 0.1206983 0.5240583 -0.9856949 0.0079061 -0.4514496 -0.1960061 0.8704668 0
33.600000 0.0870254 0.5521318 -0.9824819 -0.0154890 -0.4536820 -0.1984198 0.8686554 0
33.800000 0.0438061 0.5484731 -0.9940972 -0.0147181 -0.4684595 -0.1808500 0.8646516 0
34.050000 -0.0154309 0.5271245 -1.0082626 0.0042315 -0.4889813 -0.1531018 0.8587428 0
35.400000 -0.1571295 0.2095141 -1.1241224 -0.0101592 -0.5569932 -0.1867384 0.8091873 0
35.650000 -0.1852800 0.1383762 -1.1372794 0.0036688 -0.5574992 -0.1748536 0.8115463 0
35.900000 -0.2084422 0.0473589 -1.1578468 0.0184338 -0.5565150 -0.1761335 0.8117440 0
36.300000 -0.2200527 -0.0652665 -1.1858221 0.0211337 -0.5584998 -0.1777209 0.8099671 0
36.500000 -0.2153423 -0.0904175 -1.1941367 0.0230079 -0.5566775 -0.1863971 0.8092199 0
36.750000 -0.2037965 -0.1299255 -1.2164696 0.0058897 -0.5557303 -0.1945946 0.8082463 0
37.100000 -0.1889294 -0.1743384 -1.2498785 -0.0241250 -0.5687869 -0.1588731 0.8066342 0
37.250000 -0.1814843 -0.1635218 -1.2448589 -0.0207401 -0.5722472 -0.1506607 0.8058563 0
37.400000 -0.1716397 -0.1386368 -1.2287340 -0.0001036 -0.5745860 -0.1432939 0.8058025 0
37.650000 -0.1398213 -0.0814001 -1.1876528 0.0193879 -0.5693253 -0.1569605 0.8067566 0
37.850000 -0.1003086 -0.0338934 -1.1508555 0.0118124 -0.5641888 -0.1703581 0.8077930 0
38.100000 -0.0457266 0.0185299 -1.1042547 -0.0163156 -0.5574520 -0.1745177 0.8114953 0
38.450000 0.0301467 0.0843867 -1.0234380 -0.0048886 -0.5022032 -0.1298741 0.8549273 0
38.800000 0.1312970 0.0958289 -0.9368808 0.0109159 -0.4064538 -0.0935701 0.9088019 0
39.200000 0.2903875 0.0763588 -0.8511415 -0.0195259 -0.2850179 -0.0515242 0.9569372 0
39.600000 0.4763621 0.0714038 -0.7466823 0.0133284 -0.1440365 0.0032051 0.9894775 0
39.900000 0.6117703 0.1410250 -0.6950797 0.0520588 -0.0125727 0.0370418 0.9978776 0
40.250000 0.8290140 0.2050868 -0.6539736 0.0153382 0.1208904 0.0521722 0.9911752 0
40.600000 1.0371900 0.2447413 -0.6558654 0.0031392 0.2159085 0.0564570 0.9747750 0
40.900000 1.1734586 0.2673943 -0.6593280 0.0393348 0.2932957 0.0382905 0.9544445 0
41.500000 1.2518089 0.3337016 -0.7530060 0.0372973 0.4807118 0.1205148 0.8677565 0
42.250000 1.0556415 0.5506175 -0.9214887 -0.0184186 0.6653462 0.2616807 0.6989266 0
42.450000 0.9850992 0.5567890 -0.9892408 -0.0691258 0.6287148 0.2951702 0.7161103 0
42.650000 0.9506559 0.5294037 -1.0644238 -0.1022758 0.5933992 0.3004469 0.7396950 0
42.800000 0.9510266 0.5138486 -1.1129282 -0.1160133 0.5967359 0.2419699 0.7562392 0
43.000000 0.9759956 0.4962261 -1.1522914 -0.1193834 0.6204486 0.1296579 0.7641858 0
43.550000 1.0297581 0.3954507 -1.0497009 0.0351321 0.6081219 0.2442560 0.7545148 0
43.800000 1.0390389 0.3750159 -1.0004163 0.0577178 0.6044904 0.2724049 0.7463616 0
44.450000 1.0894417 0.3845475 -1.0250250 -0.0553400 0.6155423 0.2699913 0.7383426 0
45.950000 1.8080013 0.2840255 -1.0896508 0.1005711 0.6458020 0.1174998 0.7476758 0
46.150000 1.8095345 0.2566575 -1.0897126 0.1364346 0.6495440 0.0939434 0.7420598 0
46.350000 1.7353690 0.2276991 -1.0984159 0.1057354 0.6507521 0.1163637 0.7428333 0
46.600000 1.5649613 0.1979962 -1.1163126 -0.0089589 0.6314878 0.2137255 0.7452948 0
47.100000 1.2917280 0.1279923 -1.1349547 -0.1619511 0.5645217 0.3805024 0.7143564 0
47.900000 1.6661103 -0.0390302 -1.1525905 0.1213561 0.6801475 0.1068585 0.7150198 0
48.100000 1.6948843 -0.0461550 -1.1449771 0.1657281 0.6798749 0.0714418 0.7107745 0
48.250000 1.6507586 -0.0581003 -1.1469035 0.1710717 0.6721671 0.0796992 0.7159427 0
48.400000 1.5536052 -0.0696381 -1.1596425 0.1043022 0.6593910 0.1424660 0.7307721 0
49.050000 1.0481597 -0.0061318 -1.1786139 -0.1256433 0.5966673 0.3206001 0.7248569 0
49.350000 0.9744297 0.0434680 -1.1628720 -0.1588738 0.5852451 0.3421716 0.7177505 0
49.650000 1.0579545 0.0493827 -1.1410772 -0.0457964 0.6393909 0.2434832 0.7278722 0
50.200000 1.1907949 0.0639265 -1.0780795 0.0742505 0.6709567 0.1779136 0.7159963 0
50.750000 1.0844784 0.0967072 -1.0374094 -0.0013623 0.6158070 0.2190884 0.7568224 0
51.100000 0.9878324 0.1609022 -0.9996750 -0.0502568 0.5411550 0.2318463 0.8067669 0
51.500000 0.9407480 0.2337641 -0.9386891 -0.0834782 0.4645337 0.2238753 0.8527131 0
51.950000 1.0220045 0.2150724 -0.8328527 -0.0374552 0.3798343 0.1356130 0.9142932 0
52.400000 1.1432240 0.1606299 -0.6810727 -0.0828180 0.3213183 0.1455472 0.9320471 0
52.850000 1.3256452 0.0807808 -0.4521292 0.0244917 0.3270337 0.1051895 0.9388207 0
53.250000 1.4458265 0.0163950 -0.2974977 0.1614867 0.3464166 0.0568246 0.9223278 0

#----------------

#Map #0:
8.600000 -0.0545401 0.0228142 0.0204800 0.0001807 0.0056957 0.0039053 0.9999762 0
8.800000 -0.1070442 -0.0036327 0.0145846 0.0005323 0.0055850 0.0067479 0.9999615 0
8.850000 -0.1200900 -0.0087010 0.0136804 0.0010264 0.0060240 0.0064245 0.9999607 0
9.550000 -0.2965897 -0.0978222 -0.0075663 -0.0055515 0.0019437 0.0204531 0.9997735 0
9.750000 -0.3412304 -0.1155555 -0.0125735 0.0018780 -0.0090292 0.0515538 0.9986277 0
10.050000 -0.3749920 -0.1390827 -0.0244131 0.0173605 -0.0200587 0.0844514 0.9960744 0
10.750000 -0.1508260 -0.1931368 -0.0847322 -0.0063524 -0.0245652 0.0888597 0.9957209 0
11.450000 0.3844942 -0.2271814 -0.1151776 0.0082588 -0.0088582 0.0500312 0.9986742 0
11.550000 0.4667198 -0.2373374 -0.1175774 0.0205470 -0.0004488 0.0401141 0.9989837 0
11.650000 0.5506753 -0.2422035 -0.1218076 0.0297257 0.0120182 0.0342981 0.9988972 0
11.800000 0.6773773 -0.2460519 -0.1345399 0.0237976 0.0383332 0.0317740 0.9984761 0
12.250000 1.0544491 -0.2061333 -0.1736528 -0.0083014 0.1301367 0.0552574 0.9899203 0
12.500000 1.2470654 -0.1429683 -0.1803105 -0.0169129 0.1568944 0.0635860 0.9854212 0
12.700000 1.3908206 -0.0835210 -0.1783051 -0.0423397 0.1658006 0.0595591 0.9834481 0
13.150000 1.6845641 -0.0476611 -0.1290426 -0.0634167 0.1631476 0.0469347 0.9834421 0
13.250000 1.7434312 -0.0453108 -0.1033750 -0.0549633 0.1644007 0.0360899 0.9841996 0
13.450000 1.8533401 -0.0542674 -0.0450078 -0.0418412 0.1685112 0.0061318 0.9847922 0
13.600000 1.9172683 -0.0637829 0.0091655 -0.0395288 0.1706873 -0.0059036 0.9845143 0
13.700000 1.9507107 -0.0708394 0.0486071 -0.0378229 0.1712144 -0.0112651 0.9844431 0
13.900000 1.9920549 -0.0951155 0.1372182 -0.0376609 0.1673675 0.0005562 0.9851748 0
14.000000 1.9993248 -0.1123223 0.1866394 -0.0239523 0.1624484 0.0205314 0.9862126 0
14.100000 2.0066261 -0.1334400 0.2357289 -0.0047384 0.1556880 0.0421194 0.9868965 0
14.400000 2.0120649 -0.1877119 0.3680201 0.0533965 0.1603255 0.0416509 0.9847384 0
14.550000 2.0070643 -0.2112513 0.4115094 0.0748588 0.1620006 0.0384315 0.9831963 0
15.000000 1.9319950 -0.2535509 0.4223441 0.0455559 0.1657215 0.0564690 0.9835000 0
15.300000 1.8797681 -0.2487427 0.3569446 0.0219732 0.1587302 0.0531463 0.9856457 0
15.450000 1.8499780 -0.2342442 0.3113281 0.0213432 0.1524863 0.0548757 0.9865501 0
15.600000 1.7997092 -0.2340973 0.2676696 0.0206971 0.1578164 0.0477631 0.9860955 0
15.800000 1.7309097 -0.2247322 0.2046959 0.0019745 0.1627512 0.0354436 0.9860283 0
16.000000 1.6525981 -0.2174671 0.1396457 -0.0139272 0.1565733 0.0517521 0.9862112 0
16.150000 1.5951300 -0.2095137 0.0956062 -0.0262398 0.1401852 0.0608805 0.9879034 0
16.550000 1.4454581 -0.1550898 0.0130362 -0.0431479 0.0669487 0.0218774 0.9965829 0
16.800000 1.3550789 -0.1269222 -0.0096817 -0.0526748 0.0269082 0.0067535 0.9982263 0
17.050000 1.2650211 -0.1436544 -0.0098694 -0.0609208 -0.0230524 -0.0026037 0.9978729 0
17.300000 1.1669964 -0.2068398 0.0050436 -0.0318467 -0.0951295 -0.0164483 0.9948194 0
17.650000 1.0560284 -0.3312668 0.0457656 -0.0017061 -0.2304582 -0.0582653 0.9713348 0
17.850000 1.0047184 -0.3832692 0.0729974 0.0191883 -0.2988154 -0.1018884 0.9486622 0
18.100000 0.9345161 -0.4266830 0.1020683 0.0446042 -0.3660460 -0.1472075 0.9177967 0
18.300000 0.8814780 -0.4290777 0.1250490 0.0401875 -0.4429541 -0.1502687 0.8829473 0
18.450000 0.8434584 -0.4203646 0.1373773 0.0447898 -0.5032756 -0.1577057 0.8484318 0
18.600000 0.8180830 -0.3973165 0.1500416 0.0619649 -0.5561364 -0.1678474 0.8116033 0
18.750000 0.8005527 -0.3664037 0.1549585 0.0632313 -0.5927376 -0.1949271 0.7788886 0
19.050000 0.7941828 -0.3037729 0.1467635 0.0300504 -0.6579791 -0.2386777 0.7135779 0
19.300000 0.7968273 -0.2852525 0.1271591 -0.0121649 -0.7261713 -0.2619070 0.6355565 0
19.700000 0.7841271 -0.3222909 0.1499086 0.0066331 0.8295490 0.3372245 -0.4450665 0

#----------------

#Map #1:
19.900000 0.7867854 -0.1050580 0.0511050 -0.0417052 0.8629903 0.3293507 -0.3808367 0
20.050000 0.7864997 -0.0804124 0.0155053 -0.0407066 0.8903614 0.3271808 -0.3139302 0
20.100000 0.7881197 -0.0740007 0.0010510 -0.0349228 0.8991455 0.3244182 -0.2916686 0
20.150000 0.7900579 -0.0710397 -0.0131946 -0.0291644 0.9066589 0.3237319 -0.2689175 0
20.450000 0.8049764 -0.0492260 -0.0921808 -0.0190029 0.9392844 0.3199751 -0.1224727 0
20.900000 0.8551461 -0.0128652 -0.1788186 -0.0545017 0.9388536 0.3183383 0.1193492 0
21.100000 0.8876985 -0.0249869 -0.2078015 -0.0548038 0.9259779 0.3090483 0.2098822 0
21.150000 0.8980815 -0.0294487 -0.2137866 -0.0504672 0.9228460 0.3047152 0.2301238 0
21.250000 0.9227200 -0.0399653 -0.2234766 -0.0428939 0.9157318 0.2954237 0.2689243 0
21.550000 0.9921982 -0.0679361 -0.2282550 -0.0123653 0.8776120 0.2784062 0.3900439 0
21.650000 1.0098741 -0.0769120 -0.2226393 -0.0090026 0.8582496 0.2730441 0.4344806 0
22.250000 1.0540559 -0.1303654 -0.1515439 -0.0000318 0.6930612 0.2137025 0.6884747 0
22.350000 1.0494027 -0.1370585 -0.1393235 -0.0011412 0.6584034 0.2078241 0.7234036 0
22.450000 1.0420746 -0.1420731 -0.1229203 -0.0101667 0.6245093 0.1990818 0.7551498 0
22.750000 1.0027401 -0.1547666 -0.0581320 -0.0236288 0.5310671 0.1702682 0.8297097 0
22.850000 0.9877120 -0.1579156 -0.0359620 -0.0248868 0.5022610 0.1577535 0.8498402 0
23.050000 0.9557196 -0.1664284 0.0112931 -0.0305529 0.4413964 0.1207027 0.8886318 0
23.300000 0.8963640 -0.1661525 0.0873826 -0.0124365 0.3293851 0.0898031 0.9398330 0
23.850000 0.7105667 -0.1542234 0.2437262 0.0299463 0.0297098 0.0017908 0.9991083 0
24.100000 0.6132255 -0.1444635 0.2731673 0.0464366 -0.0676929 -0.0313652 0.9961313 0
24.450000 0.4867166 -0.1166364 0.2590205 0.0464583 -0.1968476 -0.0617192 0.9773860 0
24.700000 0.4080853 -0.0948059 0.2175352 0.0576476 -0.2899357 -0.0809949 0.9518687 0
24.950000 0.3509525 -0.0645384 0.1471100 0.0359299 -0.3763475 -0.1058072 0.9197154 0
25.200000 0.3149708 -0.0249083 0.0700127 0.0175953 -0.4434037 -0.1526234 0.8830570 0
25.400000 0.2894650 -0.0140181 -0.0067050 0.0204950 -0.4906771 -0.1751415 0.8533120 0
25.600000 0.2647494 -0.0202855 -0.0942452 0.0168997 -0.5294864 -0.1805883 0.8287016 0
25.800000 0.2478592 -0.0260406 -0.1765302 0.0157871 -0.5658519 -0.1860278 0.8030916 0
26.150000 0.2283390 -0.0224718 -0.3141198 0.0147860 -0.6385168 -0.2072481 0.7410303 0
26.300000 0.2229959 -0.0184736 -0.3751748 0.0168625 -0.6795257 -0.2213954 0.6992456 0
26.450000 0.2212417 -0.0041658 -0.4277440 0.0174536 -0.7230499 -0.2370597 0.6486115 0
26.550000 0.2185114 0.0112219 -0.4603118 0.0195819 -0.7491734 -0.2472542 0.6141832 0
26.650000 0.2173796 0.0268785 -0.4893106 0.0242731 -0.7750281 -0.2527677 0.5786629 0
26.750000 0.2147280 0.0413758 -0.5186645 0.0375672 -0.7957504 -0.2587674 0.5462687 0
27.100000 0.2390017 0.0927667 -0.6094093 -0.1067759 0.8202255 0.2748871 -0.4901693 0
27.200000 0.2599830 0.1064297 -0.6402076 -0.1064178 0.8203808 0.2794014 -0.4874274 0
27.300000 0.2947825 0.1253220 -0.6758271 -0.0935177 0.8180069 0.2871407 -0.4895604 0
27.700000 0.4635698 0.1800205 -0.8446764 0.0459511 -0.8056867 -0.2959585 0.5110440 0
28.050000 0.6262229 0.2361258 -1.0241158 -0.0156249 -0.7605239 -0.3117740 0.5693471 0
28.200000 0.6777964 0.2558988 -1.1047199 -0.0590646 -0.7414601 -0.2971944 0.5986851 0
28.350000 0.7117712 0.2783361 -1.1809115 -0.1012887 -0.7266030 -0.2782881 0.6199551 0
28.500000 0.7208225 0.2936014 -1.2468925 -0.1176410 -0.7183446 -0.2655392 0.6321634 0
28.650000 0.7057402 0.3077915 -1.2946215 -0.1051162 -0.7180382 -0.2558091 0.6386966 0
28.850000 0.6518117 0.3134559 -1.3301202 -0.0347691 -0.7225651 -0.2617315 0.6388955 0
29.050000 0.5845634 0.3428338 -1.3548325 0.0022442 -0.7249007 -0.2664784 0.6352190 0
29.450000 0.4328524 0.4180104 -1.3978720 -0.0085922 -0.7287388 -0.2795301 0.6250830 0
29.650000 0.3429267 0.4570598 -1.4239613 0.0018361 -0.7226869 -0.2632705 0.6390687 0
29.850000 0.2454513 0.4890394 -1.4426944 0.0046136 -0.6952562 -0.2428769 0.6764675 0
30.050000 0.1508656 0.5201609 -1.4614835 -0.0071764 -0.6531433 -0.2204407 0.7244020 0
30.250000 0.0546973 0.5440280 -1.4728193 -0.0267387 -0.6183152 -0.1897060 0.7622224 0
30.500000 -0.0629466 0.5523797 -1.4688675 -0.0329199 -0.5961187 -0.1518086 0.7877265 0
30.750000 -0.1634913 0.5503727 -1.4345307 0.0517960 -0.5567108 -0.1518831 0.8150594 0
31.050000 -0.2382625 0.5473912 -1.4001645 0.0227016 -0.5357162 -0.1467253 0.8312427 0
31.300000 -0.2703740 0.5575307 -1.3698765 0.0357124 -0.5434619 -0.1214985 0.8298264 0
31.550000 -0.2638726 0.5600258 -1.3361927 0.0587811 -0.5333254 -0.1434177 0.8315890 0
32.100000 -0.1382959 0.6150655 -1.2679849 -0.0112579 -0.4658055 -0.1124729 0.8776379 0
32.350000 -0.0570550 0.6367105 -1.2267619 -0.0172752 -0.4331106 -0.1604990 0.8867676 0
32.600000 0.0080319 0.6163266 -1.1908593 -0.0270696 -0.4194314 -0.2005562 0.8849417 0
33.450000 -0.0087302 0.6596109 -1.1001558 0.0053596 -0.4326003 -0.1867062 0.8820255 0
33.750000 -0.0714122 0.6701521 -1.1066670 -0.0084651 -0.4454962 -0.1731799 0.8783337 0
34.000000 -0.1359861 0.6454455 -1.1180886 0.0089302 -0.4681472 -0.1467268 0.8713379 0
34.250000 -0.1933701 0.6137223 -1.1356933 0.0288463 -0.4867356 -0.1333072 0.8628358 0
34.800000 -0.2458834 0.4711596 -1.1959451 -0.0018699 -0.5354980 -0.1849586 0.8240320 0
35.100000 -0.2746400 0.3821877 -1.2224435 0.0022797 -0.5347084 -0.1980471 0.8214980 0
35.700000 -0.3486707 0.1795719 -1.2703074 0.0149813 -0.5378415 -0.1674939 0.8261040 0
36.000000 -0.3717956 0.0631558 -1.2981640 0.0264359 -0.5387744 -0.1670061 0.8253074 0
36.450000 -0.3740299 -0.0404634 -1.3277055 0.0325189 -0.5370182 -0.1791569 0.8236849 0
36.800000 -0.3574806 -0.0997825 -1.3632509 0.0086969 -0.5376090 -0.1844780 0.8227204 0
36.950000 -0.3509077 -0.1252551 -1.3833714 -0.0059083 -0.5438713 -0.1678162 0.8221963 0
37.150000 -0.3401469 -0.1340794 -1.3930126 -0.0141883 -0.5516307 -0.1491421 0.8205236 0
37.300000 -0.3317008 -0.1161613 -1.3832761 -0.0036823 -0.5544663 -0.1413938 0.8200983 0
37.500000 -0.3140045 -0.0746749 -1.3547504 0.0214485 -0.5538139 -0.1403925 0.8204389 0
37.700000 -0.2798698 -0.0208643 -1.3189713 0.0286789 -0.5481772 -0.1539249 0.8215755 0
37.900000 -0.2353326 0.0296503 -1.2805010 0.0155148 -0.5415443 -0.1696604 0.8232281 0
38.200000 -0.1655819 0.0952960 -1.2221950 -0.0133024 -0.5277401 -0.1574040 0.8345882 0
38.550000 -0.0703883 0.1533199 -1.1184616 0.0219029 -0.4555609 -0.1140324 0.8825991 0
38.950000 0.0862660 0.1494548 -1.0212204 -0.0058319 -0.3451411 -0.0685762 0.9360240 0
39.450000 0.3541207 0.1229336 -0.8827295 0.0002985 -0.1870099 -0.0177877 0.9821969 0
39.800000 0.5510756 0.1459772 -0.7766107 0.0351214 -0.0508483 0.0360861 0.9974361 0
40.150000 0.7857754 0.2144239 -0.7197433 0.0285972 0.0892777 0.0532686 0.9941701 0
40.500000 1.0201031 0.2714254 -0.7156845 -0.0076224 0.1936455 0.0628065 0.9790294 0
40.850000 1.2125982 0.2996376 -0.7267395 0.0222556 0.2874493 0.0339556 0.9569350 0
41.100000 1.2921443 0.3125602 -0.7448322 0.0690697 0.3376057 0.0794409 0.9353827 0
41.350000 1.3240721 0.3462534 -0.7938783 0.0514076 0.4263791 0.0993149 0.8976050 0
42.250000 1.1017761 0.6117938 -1.0254138 -0.0236070 0.6682729 0.2597978 0.6966773 0
42.350000 1.0589200 0.6220583 -1.0616703 -0.0510060 0.6529340 0.2805617 0.7016842 0
42.450000 1.0233094 0.6181119 -1.0996995 -0.0736935 0.6317648 0.2938351 0.7135148 0
42.600000 0.9901898 0.5951748 -1.1613158 -0.0990097 0.6037834 0.3019311 0.7310817 0
42.700000 0.9822206 0.5798298 -1.1999314 -0.1141936 0.5942513 0.2885385 0.7420046 0
42.850000 0.9916158 0.5642303 -1.2509542 -0.1223618 0.6047958 0.2112248 0.7580460 0
43.100000 1.0289075 0.5313157 -1.2821131 -0.1222044 0.6286051 0.1119657 0.7598588 0
44.350000 1.1183937 0.4335996 -1.1208038 -0.0425874 0.6164016 0.2744647 0.7368206 0
44.600000 1.1806713 0.4255966 -1.1585288 -0.0791884 0.6164547 0.2743432 0.7337906 0
45.250000 1.5317330 0.3733295 -1.2205164 -0.0565998 0.6196482 0.2436440 0.7439558 0
45.900000 1.9177212 0.3253082 -1.2111535 0.0855527 0.6478885 0.1220978 0.7470030 0
46.150000 1.9324553 0.2900628 -1.2123874 0.1311991 0.6517146 0.0921946 0.7413198 0
46.350000 1.8513520 0.2578185 -1.2217201 0.1004467 0.6528741 0.1145070 0.7419933 0
46.600000 1.6638010 0.2228942 -1.2394650 -0.0142245 0.6340943 0.2124244 0.7433693 0
47.600000 1.5979527 -0.0148932 -1.2958285 -0.0095181 0.6509757 0.2208985 0.7261845 0
47.850000 1.7546896 -0.0391553 -1.2834973 0.0993155 0.6798407 0.1194144 0.7167240 0
48.050000 1.8092467 -0.0441063 -1.2728271 0.1516484 0.6829317 0.0743806 0.7106860 0
48.400000 1.6526911 -0.0739905 -1.2847964 0.0987163 0.6616455 0.1412795 0.7297400 0
48.700000 1.3664409 -0.0666502 -1.3004061 -0.0488475 0.6261162 0.2657910 0.7314011 0
49.000000 1.1267036 -0.0187957 -1.3045495 -0.1238283 0.6023769 0.3150102 0.7228950 0
49.300000 1.0161526 0.0398289 -1.2887133 -0.1632529 0.5876042 0.3416938 0.7150630 0
49.600000 1.0831212 0.0575816 -1.2637377 -0.0744200 0.6327307 0.2634722 0.7243590 0
49.950000 1.2235091 0.0638835 -1.2225463 0.0513464 0.6725271 0.1722274 0.7179196 0
51.050000 1.0416089 0.1650188 -1.1130981 -0.0459173 0.5554993 0.2276126 0.7984388 0
51.450000 0.9759918 0.2520447 -1.0483921 -0.0857407 0.4781730 0.2263733 0.8442478 0
51.900000 1.0522026 0.2467207 -0.9359609 -0.0526437 0.3940414 0.1438476 0.9062383 0
52.300000 1.1677864 0.1943325 -0.7922192 -0.0692161 0.3339313 0.1393561 0.9296660 0
52.700000 1.3317647 0.1351792 -0.5912111 -0.0471699 0.3229471 0.1286728 0.9364419 0
53.050000 1.4819359 0.0709112 -0.3891976 0.0926191 0.3431705 0.0768767 0.9315287 0
53.450000 1.5162137 -0.0061134 -0.3222914 0.1399369 0.3587853 0.0596937 0.9209383 0

#----------------

#Map #0:
8.600000 0.0000000 0.0000000 0.0000000 0.0000000 0.0000000 0.0000000 1.0000000 0
8.800000 -0.0281728 -0.0028192 0.0014631 0.0086711 -0.0064777 0.0040729 0.9999331 0
8.850000 -0.0334462 -0.0029951 0.0023451 0.0109466 -0.0081826 0.0046408 0.9998959 0
9.100000 -0.0640362 -0.0055694 -0.0001832 0.0194270 -0.0159094 0.0082822 0.9996504 0
9.750000 -0.1350509 -0.0222676 -0.0192797 0.0395346 -0.0538339 0.0546642 0.9962684 0
10.450000 -0.1313080 -0.0330196 -0.0432745 0.0506727 -0.0716851 0.1168254 0.9892650 0
10.650000 -0.0996002 -0.0346698 -0.0536197 0.0513289 -0.0551242 0.1147446 0.9905354 0
10.800000 -0.0771642 -0.0197802 -0.0566550 0.0608064 -0.0137400 0.0744683 0.9952729 0
10.850000 -0.0648286 -0.0180319 -0.0614957 0.0605467 -0.0011638 0.0612059 0.9962864 0
11.150000 -0.0096085 -0.0004734 -0.0866415 0.0753437 0.0508508 0.0602890 0.9940336 0
11.200000 -0.0085971 0.0017584 -0.0897785 0.0795922 0.0612139 0.0680071 0.9926193 0
11.300000 0.0048381 0.0056805 -0.1007294 0.0894978 0.0788771 0.0732115 0.9901559 0
11.550000 0.0396396 0.0234968 -0.1720095 0.1219052 0.1405417 0.0459998 0.9814638 0
11.650000 0.0379666 0.0348476 -0.1993375 0.1343133 0.1789661 0.0396181 0.9738385 0
11.750000 0.0381922 0.0315879 -0.2179067 0.1310671 0.2194881 0.0357905 0.9661084 0
12.000000 0.0361542 0.0433384 -0.2830430 0.1018940 0.3217937 0.0454578 0.9402128 0
12.150000 0.0139453 0.0132438 -0.1850680 0.0876772 0.4003083 0.0564884 0.9104258 0
12.350000 0.0639561 0.0087260 -0.1762267 0.0704479 0.4584333 0.0737465 0.8828576 0
12.450000 0.0862609 0.0073403 -0.1732953 0.0605967 0.4803981 0.0800521 0.8712849 0
12.500000 0.0944983 0.0068654 -0.1731352 0.0533903 0.4902111 0.0836959 0.8659316 0
12.550000 0.1025989 0.0066643 -0.1736166 0.0454585 0.4982913 0.0897019 0.8611579 0
12.600000 0.1093195 0.0076218 -0.1766869 0.0346408 0.5046320 0.0913836 0.8577853 0
12.650000 0.1143341 0.0076018 -0.1775620 0.0218767 0.5138176 0.0926763 0.8525984 0
12.800000 0.1316694 0.0148916 -0.1871215 -0.0106933 0.5313409 0.0893453 0.8423657 0
12.850000 0.1368083 0.0132992 -0.1894585 -0.0221661 0.5379087 0.0855534 0.8383576 0
13.100000 0.1604786 0.0121989 -0.2057507 -0.0276218 0.5565806 0.0738792 0.8270411 0
13.150000 0.1662453 0.0122646 -0.2073894 -0.0285977 0.5603471 0.0681828 0.8249512 0
13.200000 0.1723492 0.0117882 -0.2067361 -0.0306678 0.5662745 0.0571697 0.8216594 0
13.350000 0.1888389 0.0101539 -0.2092428 -0.0297467 0.5835811 0.0199955 0.8112634 0
13.400000 0.1922447 0.0101341 -0.2096420 -0.0302844 0.5906246 0.0067315 0.8063499 0
13.500000 0.2003996 0.0093121 -0.2109629 -0.0285405 0.6008286 -0.0116641 0.7987831 0
13.550000 0.2031544 0.0096683 -0.2116298 -0.0290367 0.6034272 -0.0256573 0.7964761 0
13.600000 0.2055711 0.0096605 -0.2116607 -0.0264453 0.6086888 -0.0334575 0.7922621 0
13.650000 0.2080610 0.0098256 -0.2118311 -0.0232090 0.6124380 -0.0404591 0.7891414 0
13.700000 0.2101413 0.0099371 -0.2120161 -0.0211021 0.6156674 -0.0503623 0.7861120 0
13.750000 0.2114515 0.0103921 -0.2121667 -0.0188739 0.6156455 -0.0614588 0.7853962 0
13.800000 0.2125912 0.0108078 -0.2120598 -0.0149699 0.6167272 -0.0716913 0.7837626 0
13.850000 0.2130389 0.0099552 -0.2120880 -0.0183115 0.6135108 -0.0620050 0.7870353 0
13.900000 0.2136710 0.0097469 -0.2117527 -0.0113642 0.6120391 -0.0539989 0.7888999 0
13.950000 0.2143461 0.0095578 -0.2115951 -0.0003899 0.6076447 -0.0490135 0.7926950 0
14.000000 0.2148910 0.0093130 -0.2112505 0.0103093 0.6056721 -0.0459238 0.7943211 0
14.050000 0.2154891 0.0089556 -0.2109213 0.0227286 0.6023392 -0.0413020 0.7968469 0
14.100000 0.2160536 0.0086982 -0.2106192 0.0374303 0.5980510 -0.0378270 0.7996894 0
14.400000 0.2190267 0.0076730 -0.2090263 0.0994927 0.5900979 -0.0730136 0.7978438 0
14.450000 0.2193470 0.0076460 -0.2087686 0.1093142 0.5890097 -0.0797728 0.7967147 0
14.550000 0.2198771 0.0076088 -0.2083175 0.1267423 0.5864123 -0.0914267 0.7947944 0
14.900000 0.2201849 0.0075875 -0.2080217 0.1334278 0.5677915 -0.0842295 0.8079079 0
14.950000 0.2201436 0.0075839 -0.2080677 0.1260901 0.5648679 -0.0787469 0.8116801 0
15.200000 0.2196294 0.0076374 -0.2085532 0.1028545 0.5484578 -0.0790477 0.8260548 0
15.250000 0.2196052 0.0076334 -0.2085627 0.0945896 0.5455565 -0.0779273 0.8290647 0
15.400000 0.2194083 0.0076992 -0.2087176 0.0819725 0.5324792 -0.0792563 0.8387281 0
15.600000 0.2188718 0.0078794 -0.2091265 0.0746330 0.5167671 -0.0893796 0.8481704 0
15.700000 0.2186014 0.0078971 -0.2092965 0.0604707 0.5123423 -0.0915464 0.8517440 0
15.800000 0.2182985 0.0079184 -0.2094925 0.0432026 0.5072017 -0.0908337 0.8559376 0
15.900000 0.2179976 0.0079590 -0.2096811 0.0349848 0.4975722 -0.0813560 0.8628900 0
16.100000 0.2174523 0.0080171 -0.2100696 0.0183455 0.4673802 -0.0550853 0.8821478 0
16.200000 0.2171504 0.0081321 -0.2101481 0.0062499 0.4515529 -0.0502661 0.8908054 0
16.250000 0.2170400 0.0082198 -0.2102038 0.0007210 0.4410619 -0.0506014 0.8960487 0
16.550000 0.2162542 0.0085147 -0.2102264 -0.0291777 0.3834061 -0.0765938 0.9199358 0
16.600000 0.2161416 0.0085116 -0.2101743 -0.0357361 0.3753431 -0.0836438 0.9224122 0
16.700000 0.2159195 0.0086552 -0.2101231 -0.0416246 0.3586729 -0.0886832 0.9283084 0
16.800000 0.2157305 0.0087237 -0.2100400 -0.0533666 0.3435539 -0.0850045 0.9337542 0
16.900000 0.2155167 0.0087736 -0.2099128 -0.0624069 0.3273376 -0.0838561 0.9391079 0
17.000000 0.2153389 0.0087939 -0.2097995 -0.0649991 0.3053997 -0.0879737 0.9459211 0
17.100000 0.2151826 0.0087386 -0.2096614 -0.0663774 0.2787699 -0.0952016 0.9533195 0
17.150000 0.2150910 0.0086985 -0.2095751 -0.0639737 0.2650096 -0.1024880 0.9566470 0
17.250000 0.2149305 0.0086108 -0.2094129 -0.0521134 0.2307764 -0.1078190 0.9656094 0
17.300000 0.2148467 0.0085627 -0.2093408 -0.0445510 0.2115545 -0.1116130 0.9699497 0
17.450000 0.2147557 0.0083893 -0.2090587 -0.0283133 0.1454141 -0.1285769 0.9805718 0
17.550000 0.2147231 0.0083285 -0.2089117 -0.0207039 0.0981488 -0.1395684 0.9851187 0
17.650000 0.2146745 0.0082464 -0.2088027 -0.0187879 0.0546567 -0.1549691 0.9862273 0
17.800000 0.2146302 0.0081687 -0.2086235 -0.0088666 -0.0059564 -0.1922712 0.9812837 0
17.850000 0.2146125 0.0081451 -0.2085001 -0.0059547 -0.0254079 -0.2010377 0.9792358 0
17.950000 0.2146033 0.0081429 -0.2083881 0.0017363 -0.0595450 -0.2222077 0.9731779 0
18.050000 0.2145779 0.0081416 -0.2082754 0.0112103 -0.0923516 -0.2432345 0.9654960 0
18.150000 0.2145360 0.0081862 -0.2081831 0.0173323 -0.1286871 -0.2530482 0.9587001 0
18.250000 0.2144717 0.0082087 -0.2081226 0.0099423 -0.1681543 -0.2500245 0.9534742 0
18.300000 0.2144547 0.0082071 -0.2081030 0.0060121 -0.1900978 -0.2504017 0.9492764 0
18.550000 0.2143937 0.0082057 -0.2080208 -0.0032957 -0.3030832 -0.2676352 0.9146044 0
19.400000 0.2143498 0.0082313 -0.2079942 -0.1740104 -0.5556329 -0.3488963 0.7343459 0
19.450000 0.2143461 0.0082357 -0.2079913 -0.1826586 -0.5722705 -0.3568787 0.7153880 0
19.500000 0.2143324 0.0082414 -0.2079834 -0.1855444 -0.5917300 -0.3700329 0.6917402 0
19.550000 0.2143502 0.0082480 -0.2079959 -0.1786014 -0.6086899 -0.3795981 0.6734266 0

#----------------

#Map #1:
21.150000 -11.6252813 -1.2436818 1.8683378 -0.0072291 0.0845988 -0.0027587 0.9963850 0
21.250000 -0.2458603 -0.0338474 0.0482464 0.0032165 0.0474434 -0.0103375 0.9988152 0
21.300000 -0.2470357 -0.0348856 0.0525301 0.0084282 0.0259111 -0.0133540 0.9995395 0
21.500000 -0.2552300 -0.0408197 0.0587545 0.0239320 -0.0680756 -0.0200964 0.9971906 0
21.700000 -0.2561457 -0.0417313 0.0604696 0.0334216 -0.1716266 -0.0391158 0.9838177 0
21.800000 -0.2538303 -0.0397426 0.0553994 0.0373599 -0.2255716 -0.0501505 0.9722174 0
21.900000 -0.2419898 -0.0431226 0.0368062 0.0399070 -0.2821337 -0.0621456 0.9565281 0
21.950000 -0.2416115 -0.0409971 0.0305354 0.0440852 -0.3063724 -0.0694619 0.9483499 0
22.250000 -0.2504389 -0.0437240 0.0404906 0.0513764 -0.4515265 -0.1299917 0.8812414 0
22.300000 -0.2501929 -0.0438651 0.0404020 0.0497027 -0.4741260 -0.1363283 0.8684174 0
22.350000 -0.2496112 -0.0434274 0.0400529 0.0475071 -0.4948409 -0.1402107 0.8562806 0
22.400000 -0.2496073 -0.0430575 0.0401683 0.0466299 -0.5158499 -0.1513697 0.8419096 0

#----------------

#Map #2:
25.050000 -8.6574488 3.3898709 -1.1847143 0.0555808 0.1257594 -0.0043793 0.9904929 0
25.150000 -0.3566100 0.1375424 -0.0424917 0.0449109 0.0989411 -0.0222870 0.9938294 0
25.200000 -0.3746262 0.1434774 -0.0420155 0.0426799 0.0861520 -0.0319980 0.9948530 0
25.350000 -0.4175645 0.1423715 -0.0489488 0.0385695 0.0421086 -0.0542662 0.9968924 0
25.600000 -0.4929862 0.1318651 -0.0714219 0.0406775 -0.0228610 -0.0676140 0.9966198 0
25.750000 -0.5284289 0.1260100 -0.0877064 0.0437488 -0.0612700 -0.0734526 0.9944530 0
25.850000 -0.5548723 0.1224520 -0.1011619 0.0425264 -0.0838403 -0.0804377 0.9923165 0
25.950000 -0.5732241 0.1237765 -0.1100241 0.0440443 -0.1135122 -0.0870067 0.9887390 0
26.050000 -0.5990567 0.1182971 -0.1237979 0.0414280 -0.1419950 -0.0970044 0.9842313 0
26.150000 -0.6131257 0.1217207 -0.1336459 0.0440575 -0.1808733 -0.1066392 0.9767148 0
26.300000 -0.6301895 0.1291356 -0.1526621 0.0488285 -0.2489673 -0.1259414 0.9590463 0
26.350000 -0.6415411 0.1323352 -0.1606309 0.0481906 -0.2700028 -0.1349151 0.9521418 0
26.400000 -0.6480585 0.1345982 -0.1681492 0.0476780 -0.2923332 -0.1422798 0.9444705 0
26.850000 -0.7215165 0.1628417 -0.1938267 0.0702089 -0.4589030 -0.2158478 0.8590044 0
26.900000 -0.7261715 0.1668233 -0.1991719 0.0768799 -0.4682341 -0.2218131 0.8518482 0
26.950000 -0.7329631 0.1730393 -0.2023772 0.0862834 -0.4734018 -0.2299616 0.8459099 0
27.050000 -0.7403910 0.1798889 -0.2112338 0.1038944 -0.4815069 -0.2475785 0.8343033 0
27.150000 -0.7442465 0.1887428 -0.2276711 0.1119307 -0.4865560 -0.2581267 0.8271067 0
27.200000 -0.7454796 0.1929560 -0.2359026 0.1082757 -0.4903971 -0.2599967 0.8247356 0
27.600000 -0.7351825 0.2202248 -0.3233210 0.0609302 -0.5175641 -0.2644466 0.8114696 0
27.650000 -0.7318463 0.2244831 -0.3344444 0.0504038 -0.5211717 -0.2604156 0.8111863 0
27.750000 -0.7259756 0.2263832 -0.3501669 0.0216262 -0.5253027 -0.2528208 0.8122013 0
28.000000 -0.7033345 0.2264288 -0.3876383 -0.0324331 -0.5171656 -0.2517199 0.8173891 0
28.100000 -0.6931490 0.2256512 -0.4024257 -0.0541534 -0.5133995 -0.2407416 0.8219075 0
28.250000 -0.6789612 0.2191441 -0.4193109 -0.1003030 -0.5095885 -0.2095094 0.8284713 0
28.650000 -0.6724640 0.2250273 -0.4261857 -0.1129556 -0.5183769 -0.1767300 0.8290313 0
28.700000 -0.6745838 0.2255658 -0.4218163 -0.0966562 -0.5228814 -0.1797555 0.8276114 0
28.900000 -0.7196661 0.2349519 -0.4049878 -0.0309378 -0.5270885 -0.2015653 0.8249800 0
29.000000 -0.7417797 0.2388841 -0.4015787 -0.0151605 -0.5271860 -0.2078813 0.8237903 0
29.100000 -0.7633737 0.2475093 -0.3940074 -0.0014186 -0.5273588 -0.2164767 0.8216012 0
29.400000 -0.8343623 0.2731476 -0.3783948 -0.0212724 -0.5307361 -0.2240159 0.8171190 0
29.600000 -0.8904884 0.2892432 -0.3660875 -0.0076328 -0.5266503 -0.2114733 0.8233227 0
29.700000 -0.9178587 0.2941106 -0.3553404 -0.0026212 -0.5147988 -0.2024590 0.8330581 0
29.800000 -0.9437782 0.2977318 -0.3457803 0.0007894 -0.4962814 -0.1921070 0.8466399 0
30.400000 -1.0872191 0.3134803 -0.2798062 -0.0227067 -0.3766608 -0.0865323 0.9220213 0
30.500000 -1.1010530 0.3129138 -0.2659041 -0.0128688 -0.3694544 -0.0744276 0.9261740 0
30.600000 -1.1133776 0.3119255 -0.2501000 0.0248398 -0.3543962 -0.0771978 0.9315723 0
30.700000 -1.1242806 0.3100596 -0.2350809 0.0580203 -0.3307276 -0.0888497 0.9377412 0
30.800000 -1.1322378 0.3070711 -0.2215356 0.0749222 -0.3127617 -0.0922512 0.9423675 0
30.900000 -1.1389316 0.3051033 -0.2114234 0.0711604 -0.3031145 -0.0879168 0.9462180 0
31.500000 -1.1536007 0.3052949 -0.1752954 0.0762284 -0.2962228 -0.0738105 0.9492067 0
31.600000 -1.1497123 0.3057911 -0.1737996 0.0751680 -0.2800307 -0.0880295 0.9529866 0
31.700000 -1.1351340 0.3061588 -0.1743040 0.0739380 -0.2723709 -0.0816013 0.9558706 0
31.900000 -1.1193529 0.3120034 -0.1779794 0.0248015 -0.2454817 -0.0486441 0.9678622 0
32.100000 -1.1017771 0.3264509 -0.1785440 -0.0031993 -0.2082773 -0.0390155 0.9772861 0
32.300000 -1.0879965 0.3342275 -0.1839423 -0.0256713 -0.1620754 -0.0748897 0.9835975 0
32.400000 -1.0788422 0.3362892 -0.1869913 -0.0433818 -0.1496352 -0.0897909 0.9836996 0
32.500000 -1.0725230 0.3365978 -0.1890885 -0.0575617 -0.1375393 -0.1016299 0.9835858 0
33.000000 -1.0598081 0.3309614 -0.1881471 -0.0061842 -0.1223323 -0.1202372 0.9851597 0
33.400000 -1.0701315 0.3355740 -0.1779962 -0.0327794 -0.1143124 -0.1158602 0.9861210 0
33.500000 -1.0728890 0.3366418 -0.1754302 -0.0477060 -0.1187038 -0.1133955 0.9852791 0
33.600000 -1.0764819 0.3379926 -0.1723846 -0.0547892 -0.1234732 -0.1105984 0.9846423 0
33.700000 -1.0768980 0.3381052 -0.1717787 -0.0516503 -0.1412789 -0.1035783 0.9831806 0
33.800000 -1.0796896 0.3390670 -0.1694748 -0.0381141 -0.1571790 -0.1003725 0.9817166 0
33.900000 -1.0822213 0.3400412 -0.1674153 -0.0190653 -0.1700596 -0.0886518 0.9812528 0
34.000000 -1.0842392 0.3398035 -0.1651545 -0.0015174 -0.1824124 -0.0759313 0.9802846 0
34.300000 -1.0895462 0.3380589 -0.1605032 0.0390703 -0.2195546 -0.0537601 0.9733340 0
34.400000 -1.0894799 0.3381580 -0.1606323 0.0369501 -0.2399999 -0.0456248 0.9689959 0
35.450000 -1.0830961 0.3381996 -0.1687817 0.1431118 -0.2940980 0.0484748 0.9437561 0
35.600000 -1.0811567 0.3382526 -0.1705199 0.1740471 -0.2898371 0.0729471 0.9382861 0
35.700000 -1.0790269 0.3381673 -0.1725835 0.1960676 -0.2865675 0.0878125 0.9336624 0

#----------------

#Map #3:
36.200000 -0.9190543 -0.8793689 -0.1652409 -0.0168808 0.0116863 -0.0022855 0.9997866 0
36.400000 -0.0463982 -0.1005374 -0.0226104 -0.0203916 0.0142922 -0.0140076 0.9995918 0
37.200000 -0.0681802 -0.2151086 -0.1124181 -0.0320638 -0.0054441 0.0327413 0.9989346 0
37.550000 -0.0356719 -0.1224998 -0.1168447 -0.0039717 0.0040798 0.0153774 0.9998655 0
37.650000 -0.0202267 -0.0901700 -0.1230736 -0.0103547 0.0086511 0.0084273 0.9998735 0
37.700000 -0.0145499 -0.0703118 -0.1265487 -0.0134750 0.0107805 0.0070626 0.9998261 0
37.800000 -0.0043364 -0.0409054 -0.1390353 -0.0284515 0.0173113 0.0001565 0.9994453 0
37.900000 0.0125003 -0.0090953 -0.1541170 -0.0449831 0.0205297 0.0011977 0.9987761 0
38.000000 0.0199749 0.0229098 -0.1683863 -0.0606934 0.0279377 0.0039827 0.9977574 0
38.150000 0.0449447 0.0648581 -0.1936909 -0.0716495 0.0383386 0.0254306 0.9963683 0
38.200000 0.0517221 0.0776870 -0.1989633 -0.0731535 0.0465141 0.0311553 0.9957482 0
38.250000 0.0590191 0.0906682 -0.2066533 -0.0724953 0.0574610 0.0374107 0.9950091 0
38.300000 0.0666661 0.1020520 -0.2112826 -0.0727664 0.0712561 0.0432002 0.9938619 0
38.500000 0.1072701 0.1456694 -0.2429258 -0.0553115 0.1421514 0.0481087 0.9871267 0
38.550000 0.1220683 0.1520116 -0.2455953 -0.0507063 0.1628610 0.0463831 0.9842529 0
38.600000 0.1297963 0.1561162 -0.2579134 -0.0480699 0.1845362 0.0457126 0.9805846 0
38.700000 0.1484620 0.1714340 -0.2877319 -0.0454506 0.2227490 0.0519554 0.9724288 0
38.800000 0.1703149 0.1677547 -0.3131494 -0.0559896 0.2580433 0.0670535 0.9621760 0
38.900000 0.1883899 0.1708872 -0.3444534 -0.0679476 0.2939212 0.0842603 0.9496808 0
39.000000 0.2034293 0.1687897 -0.3837876 -0.0778436 0.3305636 0.0950141 0.9357566 0
39.100000 0.2209721 0.1663563 -0.4208352 -0.0806836 0.3694691 0.1002122 0.9202936 0
39.250000 0.2455555 0.1649419 -0.4786219 -0.0777342 0.4298545 0.1050545 0.8933902 0
39.300000 0.2534940 0.1636865 -0.5023330 -0.0754654 0.4500338 0.1060090 0.8834799 0
39.350000 0.2577836 0.1608172 -0.5211728 -0.0746327 0.4722312 0.1042337 0.8721026 0
39.400000 0.2586540 0.1420694 -0.5720301 -0.0746985 0.4915895 0.1028884 0.8614951 0
39.450000 0.2562811 0.1235928 -0.5815915 -0.0721602 0.5138056 0.1038205 0.8485388 0
39.550000 0.2538369 0.1170651 -0.6575582 -0.0570596 0.5548987 0.1058633 0.8231796 0
39.600000 0.2607453 0.1081524 -0.6674764 -0.0505006 0.5767029 0.1075786 0.8082637 0
39.650000 0.2685000 0.1100185 -0.7058014 -0.0447482 0.5966856 0.1091945 0.7937508 0
39.700000 0.2783608 0.1048083 -0.7360820 -0.0402679 0.6167473 0.1130789 0.7779552 0
39.750000 0.2914912 0.1230051 -0.7452317 -0.0375116 0.6390941 0.1086491 0.7604913 0
39.850000 0.2884343 0.1494676 -0.7975463 -0.0334766 0.6811347 0.0965927 0.7249860 0
39.900000 0.2804921 0.1417082 -0.8153125 -0.0341887 0.7020134 0.0909104 0.7055095 0
39.950000 0.2518674 0.1392114 -0.8508558 -0.0339467 0.7207912 0.0873447 0.6867886 0
40.000000 0.2466124 0.1415572 -0.8867198 -0.0396684 0.7378420 0.0856703 0.6683384 0
40.050000 0.2234584 0.1429498 -0.9229321 -0.0476389 0.7542202 0.0862506 0.6491866 0
40.100000 0.2063982 0.1383807 -0.9589929 -0.0567799 0.7698438 0.0908890 0.6291707 0
40.150000 0.1764517 0.1238441 -1.0010384 -0.0682723 0.7846715 0.0946163 0.6088327 0
40.200000 0.1348579 0.1081358 -1.0397253 -0.0777681 0.7994844 0.0983338 0.5874583 0
40.250000 0.0521124 0.0760733 -1.0608244 -0.0922063 0.8130050 0.0977998 0.5665298 0
40.300000 0.0426895 0.0872284 -1.1191057 -0.1003316 0.8244283 0.1012182 0.5477285 0
40.350000 0.0121060 0.0676920 -1.1487305 -0.1091720 0.8349084 0.1022844 0.5296671 0
40.400000 0.0134153 0.0503826 -1.1699983 -0.1225553 0.8451790 0.1008060 0.5103830 0
40.450000 0.0361197 0.0504025 -1.1846092 -0.1307695 0.8564310 0.0969149 0.4899314 0
40.550000 0.0661979 0.0519278 -1.2285217 -0.1393941 0.8768818 0.0811837 0.4528320 0
40.600000 0.0424402 0.0280686 -1.2397748 -0.1479062 0.8866933 0.0672847 0.4328644 0
40.650000 0.0083799 -0.0036085 -1.2546217 -0.1561836 0.8953058 0.0543844 0.4136140 0
40.700000 -0.0514605 -0.0892369 -1.2723923 -0.1698371 0.9007424 0.0402924 0.3977374 0
40.750000 -0.0312688 -0.0783824 -1.2843335 -0.1773029 0.9081805 0.0255100 0.3783135 0
40.800000 -0.0491081 -0.0932649 -1.2842402 -0.1792295 0.9151017 0.0111311 0.3610287 0
40.850000 -0.0584260 -0.0970857 -1.2891525 -0.1787862 0.9217607 -0.0017263 0.3440782 0

#----------------

#Map #4:
43.250000 0.9662707 0.2860731 0.6360844 0.0059161 -0.0110888 -0.0009661 0.9999205 0
43.350000 0.0083569 -0.0077591 0.0240868 0.0164617 -0.0233987 0.0514910 0.9982636 0
45.850000 0.0916118 -0.1956154 0.4866395 0.2013057 -0.0352463 0.0592491 0.9770994 0
46.100000 0.0905579 -0.2235920 0.4960696 0.2554896 -0.0360742 0.0684677 0.9637095 0
46.400000 0.0821628 -0.2176022 0.4238633 0.1963617 -0.0274212 0.0650795 0.9779851 0
46.700000 0.0531509 -0.1840791 0.2889151 0.0186682 -0.0181850 0.0648249 0.9975563 0
46.900000 0.0404407 -0.1619828 0.2047286 -0.0895607 -0.0287394 0.0859566 0.9918489 0
46.950000 0.0384073 -0.1587536 0.1877337 -0.1127450 -0.0313231 0.0911614 0.9889373 0
47.150000 0.0369423 -0.1628463 0.1506029 -0.1700712 -0.0298388 0.0876736 0.9810702 0
47.200000 0.0372398 -0.1690208 0.1491983 -0.1734969 -0.0271959 0.0834373 0.9809166 0
47.250000 0.0396212 -0.1764725 0.1506251 -0.1703894 -0.0247602 0.0795420 0.9818490 0
47.300000 0.0419194 -0.1881561 0.1555987 -0.1587710 -0.0216602 0.0767524 0.9840893 0
47.400000 0.0451472 -0.2192061 0.1762077 -0.1013752 -0.0117016 0.0769432 0.9917993 0
47.800000 0.0755396 -0.3016069 0.2956884 0.2280985 0.0064836 0.0635753 0.9715386 0
47.850000 0.0795904 -0.3090400 0.3063509 0.2501197 0.0051673 0.0618618 0.9662228 0
48.050000 0.0799011 -0.3237464 0.3299105 0.3173398 0.0002696 0.0624321 0.9462545 0
48.150000 0.0768781 -0.3241577 0.3241645 0.3307990 -0.0040793 0.0661828 0.9413688 0
48.250000 0.0744272 -0.3175550 0.3062295 0.3240725 -0.0100349 0.0711173 0.9433020 0
48.350000 0.0671697 -0.3097282 0.2761807 0.2659186 -0.0100039 0.0695550 0.9614309 0
48.450000 0.0558665 -0.3007603 0.2376116 0.1903895 -0.0084277 0.0718801 0.9790373 0
48.650000 0.0210681 -0.2643964 0.1551442 0.0508469 0.0046000 0.0784256 0.9956118 0
49.150000 -0.0273511 -0.1567790 0.0077919 -0.1058753 0.0125594 0.0814351 0.9909596 0
49.250000 -0.0291807 -0.1418036 0.0011334 -0.1237579 0.0113207 0.0813277 0.9889093 0
49.350000 -0.0324510 -0.1336165 0.0026313 -0.1301105 0.0129014 0.0802265 0.9881642 0
49.950000 -0.0402445 -0.1703963 0.1110415 0.1558414 0.0458207 0.0873766 0.9828424 0
50.350000 -0.0575280 -0.1661370 0.1297737 0.1347953 0.0458974 0.0969302 0.9850523 0
50.650000 -0.0729482 -0.1392596 0.1025404 0.0831845 0.0102092 0.0853466 0.9928203 0
50.850000 -0.0850631 -0.1122907 0.0814889 0.0744172 -0.0370855 0.0647864 0.9944292 0
51.150000 -0.0993111 -0.0646316 0.0599272 0.0074327 -0.1038322 0.0358505 0.9939207 0
51.350000 -0.1125716 -0.0356518 0.0592600 -0.0086909 -0.1432250 0.0163559 0.9895168 0
51.650000 -0.1408149 -0.0181382 0.0781914 -0.0146482 -0.2067192 -0.0217588 0.9780486 0
51.700000 -0.1453386 -0.0205676 0.0818596 -0.0058645 -0.2169208 -0.0309142 0.9756820 0
51.800000 -0.1590793 -0.0263159 0.0927527 0.0275277 -0.2355307 -0.0509657 0.9701391 0
52.100000 -0.2004270 -0.0623669 0.1323259 0.0745787 -0.3024298 -0.0674392 0.9478534 0
52.150000 -0.2084077 -0.0673811 0.1392786 0.0690933 -0.3081385 -0.0711296 0.9461593 0
52.250000 -0.2233276 -0.0777819 0.1549411 0.0467059 -0.3154517 -0.0806647 0.9443527 0
52.350000 -0.2411161 -0.0878294 0.1702043 0.0238739 -0.3191572 -0.0892955 0.9431834 0
52.450000 -0.2606893 -0.0983313 0.1871409 0.0061444 -0.3220839 -0.0951050 0.9419019 0
52.550000 -0.2828139 -0.1108564 0.2074303 0.0018347 -0.3244213 -0.0985527 0.9407629 0
52.650000 -0.3058704 -0.1324272 0.2312281 0.0309033 -0.3304623 -0.0913926 0.9388754 0
52.850000 -0.3608326 -0.1679341 0.2773927 0.1204646 -0.3379684 -0.0612209 0.9314063 0
52.950000 -0.3866377 -0.1841791 0.2991616 0.1563276 -0.3386489 -0.0485188 0.9265659 0
53.050000 -0.4080335 -0.2001006 0.3182458 0.1917243 -0.3385966 -0.0357643 0.9204972 0
53.250000 -0.4363776 -0.2220111 0.3404049 0.2555985 -0.3359060 -0.0100805 0.9064960 0
53.350000 -0.4426121 -0.2264581 0.3392136 0.2674445 -0.3323158 -0.0063019 0.9044335 0
53.450000 -0.4377296 -0.2335278 0.3310492 0.2446862 -0.3317148 -0.0164655 0.9109461 0
53.550000 -0.4322304 -0.2335861 0.3134772 0.1923263 -0.3273657 -0.0370054 0.9243770 0
53.650000 -0.4232953 -0.2334282 0.2890553 0.1361775 -0.3232457 -0.0569164 0.9347344 0

#----------------

